200
9 149 152 139 5 52 94 198 168 97
3 105 140 70
6 11 101 111 127 7 79
9 111 134 87 178 198 75 8 109 19
5 56 191 69 148 92
10 92 52 6 17 27 66 160 33 85 181
9 54 7 143 33 144 110 141 184 120
5 178 63 74 80 166
5 36 121 172 31 43
5 137 50 154 35 118
8 173 30 137 77 95 12 6 96
6 103 117 169 184 54 143
8 80 18 17 34 106 37 105 26
10 186 174 193 28 14 155 41 67 30 5
1 68
2 194 142
10 107 161 143 21 78 62 74 118 155 82
9 154 59 102 60 162 36 119 48 111
6 182 52 163 63 193 92
7 67 51 178 72 145 115 131
3 146 78 168
4 176 173 195 106
10 105 47 190 197 114 164 113 7 5 99
1 59
2 38 158
2 160 123
1 164
6 104 186 30 50 106 56
9 133 2 128 53 77 24 183 160 189
4 111 36 3 32
8 14 176 194 171 50 133 94 103
3 6 143 82
3 6 48 133
5 143 150 119 137 169
1 54
10 187 73 20 181 25 167 87 170 180 139
8 194 168 109 174 81 145 79 73
7 4 162 47 114 113 171 75
9 188 83 168 19 42 116 61 22 90
6 94 77 109 106 169 68
5 108 30 26 47 107
5 72 91 97 53 173
3 86 126 57
1 114
9 88 26 125 23 131 126 49 79 164
10 27 84 127 59 30 64 161 85 5 134
2 80 127
4 162 151 30 135
3 8 115 195
7 129 73 121 134 185 128 48
7 21 113 170 27 148 97 17
10 93 194 192 30 126 145 49 178 103 52
3 88 23 94
9 148 195 160 158 67 65 149 88 155
2 21 141
8 82 35 48 77 69 132 33 118
10 179 185 184 195 8 50 147 143 74 150
4 176 12 87 61
4 7 100 114 186
7 156 0 118 106 86 161 195
4 94 193 159 84
4 52 185 138 116
4 175 29 18 9
1 192
8 176 170 93 179 50 3 90 62
4 52 77 26 38
1 100
4 36 186 165 68
10 182 188 6 125 54 184 176 119 25 94
8 173 39 172 107 28 182 161 124
4 98 40 37 60
6 71 19 153 96 70 31
8 125 47 25 54 5 128 165 17
7 101 114 197 65 104 48 9
8 13 10 81 106 43 29 99 114
8 66 84 149 32 159 150 13 3
8 166 154 4 33 31 45 119 77
3 118 123 68
5 112 68 0 21 135
1 141
9 93 178 167 164 14 87 75 174 18
3 134 73 51
4 58 91 66 189
2 58 190
6 28 134 100 184 79 103
2 187 177
3 187 183 152
8 83 180 102 109 194 64 117 1
2 147 142
7 144 154 172 114 187 61 53
2 25 132
10 49 78 157 80 182 37 13 24 36 90
7 57 129 110 82 37 65 119
3 186 144 129
1 96
8 62 23 111 87 144 124 127 73
7 174 175 44 52 75 64 87
6 137 65 22 193 62 162
1 25
1 64
3 2 197 52
7 81 163 140 38 43 194 171
3 118 5 172
7 116 97 29 111 163 191 13
9 5 152 102 197 74 118 173 0 59
8 96 31 124 39 175 42 57 184
8 131 78 67 196 181 119 148 132
3 123 38 78
4 177 101 41 140
9 19 111 179 123 24 57 83 76 31
9 167 1 59 84 185 50 156 29 28
5 63 53 85 159 110
7 22 140 102 95 132 183 49
5 111 187 18 72 167
3 63 182 20
5 68 76 124 36 122
8 181 182 113 59 49 106 110 143
1 87
1 19
4 35 24 158 83
1 192
9 45 63 11 98 82 157 151 77 46
8 29 159 16 133 194 89 153 149
3 170 46 141
9 1 152 150 144 70 175 141 76 101
6 97 79 109 31 93 132
5 24 47 151 75 46
9 84 1 65 3 123 34 102 183 61
3 171 90 174
7 137 111 34 23 79 26 45
4 3 107 70 96
10 101 66 16 197 39 130 30 149 92 147
4 196 23 183 170
10 34 143 125 115 0 1 167 5 71 158
4 20 1 79 134
4 147 15 18 53
4 85 107 97 98
10 110 163 38 15 32 129 112 146 5 6
4 64 11 99 94
1 139
1 140
5 110 20 138 54 57
10 126 197 130 186 57 2 142 17 13 190
9 164 100 172 78 72 188 79 109 118
1 91
3 130 38 42
3 111 34 23
8 152 128 9 171 63 190 196 111
4 118 6 45 58
10 71 49 77 16 191 37 180 19 11 79
10 176 112 194 93 64 89 17 60 97 151
5 32 101 187 164 26
8 141 85 62 5 107 148 143 96
4 161 81 32 127
2 81 130
9 60 50 37 114 47 12 129 93 157
8 128 23 38 143 187 64 83 165
4 104 123 131 52
8 117 197 169 108 77 25 86 11
4 193 3 155 183
8 186 123 121 46 156 101 133 166
4 188 20 1 146
4 72 14 30 73
3 146 57 168
3 130 42 125
1 68
4 92 12 158 31
2 180 68
10 121 49 72 122 146 44 90 89 41 183
4 190 151 195 58
9 176 165 28 197 40 142 129 177 109
3 110 94 69
9 127 104 102 37 174 91 114 8 87
10 87 106 69 131 66 54 115 120 148 134
5 87 150 55 188 138
9 184 183 80 96 163 152 65 19 77
1 11
10 156 187 137 159 122 71 161 131 198 11
10 161 180 130 157 108 176 77 97 127 2
9 187 133 189 129 157 104 159 109 142
3 0 48 21
2 64 30
1 167
1 31
6 195 127 188 167 44 186
5 62 21 181 95 10
7 42 36 61 157 175 155 95
4 22 198 91 63
7 162 23 187 82 40 14 32
3 127 88 61
2 73 161
6 19 75 100 105 9 59
3 57 144 194
8 199 115 56 23 50 117 196 140
7 58 160 14 16 67 36 8
1 64
3 50 14 194
7 25 10 135 92 24 63 193
3 68 28 76
9 85 161 196 26 100 24 160 15 49
