[-444.0, -454.2, 14, 14, 0.5, 1] 2 2
[-458.3, -363.3, 13, 9, 0.5, 1] 2 2
[-459.7, -268.8, 8, 12, 0.5, 1] 2 2
[-452.8, -181.2, 15, 12, 0.5, 1] 2 2
[-454.4, -94.1, 13, 12, 0.5, 1] 2 2
[-454.6, 8.1, 5, 8, 0.5, 1] 2 2
[-456.7, 92.1, 12, 6, 0.5, 1] 2 2
[-440.3, 185.6, 8, 12, 0.5, 1] 2 2
[-454.1, 274.7, 15, 10, 0.5, 1] 2 2
[-458.9, 352.3, 5, 12, 0.5, 1] 2 2
[-365.4, -451.7, 5, 8, 0.5, 1] 2 2
[-357.5, -366.5, 7, 8, 0.5, 1] 2 2
[-367.6, -276.3, 7, 15, 0.5, 1] 2 2
[-369.0, -189.7, 9, 10, 0.5, 1] 2 2
[-359.2, -98.8, 10, 6, 0.5, 1] 2 2
[-365.8, 0.7, 8, 11, 0.5, 1] 2 2
[-357.6, 90.5, 10, 15, 0.5, 1] 2 2
[-352.8, 176.8, 8, 12, 0.5, 1] 2 2
[-363.3, 261.0, 12, 11, 0.5, 1] 2 2
[-366.5, 362.8, 12, 11, 0.5, 1] 2 2
[-270.0, -450.7, 9, 12, 0.5, 1] 2 2
[-266.8, -365.8, 9, 11, 0.5, 1] 2 2
[-262.7, -268.1, 10, 15, 0.5, 1] 2 2
[-270.2, -172.1, 12, 7, 0.5, 1] 2 2
[-266.1, -94.0, 13, 15, 0.5, 1] 2 2
[-268.7, -7.8, 13, 9, 0.5, 1] 2 2
[-268.5, 94.6, 6, 13, 0.5, 1] 2 2
[-264.3, 182.2, 7, 12, 0.5, 1] 2 2
[-270.7, 261.5, 11, 15, 0.5, 1] 2 2
[-266.7, 356.6, 9, 9, 0.5, 1] 2 2
[-172.0, -444.7, 9, 8, 0.5, 1] 2 2
[-175.4, -351.9, 11, 13, 0.5, 1] 2 2
[-180.3, -274.0, 6, 10, 0.5, 1] 2 2
[-186.1, -186.1, 13, 6, 0.5, 1] 2 2
[-180.0, -99.1, 9, 10, 0.5, 1] 2 2
[-177.2, 6.5, 12, 9, 0.5, 1] 2 2
[-189.0, 94.1, 11, 11, 0.5, 1] 2 2
[-179.7, 184.8, 7, 9, 0.5, 1] 2 2
[-177.0, 261.8, 8, 9, 0.5, 1] 2 2
[-183.4, 363.1, 15, 6, 0.5, 1] 2 2
[-88.5, -443.6, 12, 10, 0.5, 1] 2 2
[-82.2, -356.5, 7, 9, 0.5, 1] 2 2
[-83.1, -277.3, 9, 7, 0.5, 1] 2 2
[-97.5, -188.1, 9, 14, 0.5, 1] 2 2
[-89.3, -89.9, 8, 12, 0.5, 1] 2 2
[-91.7, -3.2, 6, 6, 0.5, 1] 2 2
[-81.4, 95.6, 6, 9, 0.5, 1] 2 2
[-96.4, 172.1, 14, 9, 0.5, 1] 2 2
[-99.5, 276.0, 6, 5, 0.5, 1] 2 2
[-82.0, 365.0, 9, 5, 0.5, 1] 2 2
[6.9, -458.0, 11, 14, 0.5, 1] 2 2
[9.6, -360.6, 12, 9, 0.5, 1] 2 2
[-5.8, -275.7, 6, 13, 0.5, 1] 2 2
[-5.9, -183.9, 12, 6, 0.5, 1] 2 2
[-1.1, -84.8, 5, 5, 0.5, 1] 2 2
[-5.9, -4.1, 6, 7, 0.5, 1] 2 2
[4.6, 85.8, 6, 7, 0.5, 1] 2 2
[-2.0, 172.6, 12, 13, 0.5, 1] 2 2
[6.8, 278.9, 11, 14, 0.5, 1] 2 2
[-7.6, 361.7, 11, 9, 0.5, 1] 2 2
[94.8, -456.4, 13, 11, 0.5, 1] 2 2
[95.4, -351.8, 10, 6, 0.5, 1] 2 2
[91.0, -262.1, 6, 13, 0.5, 1] 2 2
[82.9, -180.9, 6, 6, 0.5, 1] 2 2
[82.5, -87.4, 12, 13, 0.5, 1] 2 2
[99.0, 4.9, 6, 5, 0.5, 1] 2 2
[94.8, 93.9, 6, 13, 0.5, 1] 2 2
[82.7, 181.0, 11, 8, 0.5, 1] 2 2
[91.2, 273.7, 15, 11, 0.5, 1] 2 2
[99.8, 364.8, 6, 7, 0.5, 1] 2 2
[181.7, -452.8, 9, 8, 0.5, 1] 2 2
[181.6, -367.9, 6, 5, 0.5, 1] 2 2
[182.6, -278.6, 13, 13, 0.5, 1] 2 2
[173.8, -188.0, 15, 12, 0.5, 1] 2 2
[179.8, -98.2, 9, 13, 0.5, 1] 2 2
[171.6, -9.8, 5, 15, 0.5, 1] 2 2
[171.3, 91.1, 6, 7, 0.5, 1] 2 2
[170.6, 179.7, 7, 13, 0.5, 1] 2 2
[187.1, 262.6, 6, 8, 0.5, 1] 2 2
[180.8, 354.7, 9, 12, 0.5, 1] 2 2
[264.9, -458.9, 7, 8, 0.5, 1] 2 2
[278.6, -355.1, 13, 8, 0.5, 1] 2 2
[260.6, -275.2, 8, 13, 0.5, 1] 2 2
[260.9, -170.1, 7, 14, 0.5, 1] 2 2
[277.1, -98.4, 9, 6, 0.5, 1] 2 2
[262.1, -9.0, 9, 12, 0.5, 1] 2 2
[277.2, 87.9, 6, 5, 0.5, 1] 2 2
[278.8, 187.8, 7, 13, 0.5, 1] 2 2
[267.0, 274.5, 7, 15, 0.5, 1] 2 2
[274.1, 364.7, 6, 9, 0.5, 1] 2 2
[363.3, -449.6, 5, 9, 0.5, 1] 2 2
[361.6, -355.3, 6, 8, 0.5, 1] 2 2
[362.3, -278.9, 11, 6, 0.5, 1] 2 2
[362.7, -183.4, 7, 10, 0.5, 1] 2 2
[367.5, -84.5, 11, 10, 0.5, 1] 2 2
[352.8, 3.4, 12, 15, 0.5, 1] 2 2
[368.7, 81.2, 7, 13, 0.5, 1] 2 2
[356.0, 186.0, 5, 14, 0.5, 1] 2 2
[358.9, 262.2, 9, 7, 0.5, 1] 2 2
[370.0, 369.4, 13, 14, 0.5, 1] 2 2
