  0.0   0.0 0.0 1 2 8.0
 -5.0  -5.0 0.0 1 2 4.0
 -5.0   0.0 0.0 1 2 4.0
 -5.0   5.0 0.0 1 2 4.0
  5.0  -5.0 0.0 1 2 2.0
  5.0   0.0 0.0 1 2 2.0
  5.0   5.0 0.0 1 2 2.0
  0.0  -5.0 0.0 1 2 1.0
  0.0   5.0 0.0 1 2 1.0
-10.0 -10.0 0.0 1 2 4.0
  0.0 -10.0 0.0 1 2 4.0
-10.0 -10.0 0.0 1 2 4.0
-10.0  10.0 0.0 1 2 2.0
  0.0  10.0 0.0 1 2 2.0
-10.0  10.0 0.0 1 2 2.0
-10.0   0.0 0.0 1 2 1.0
 10.0   0.0 0.0 1 2 1.0
-15.2 -15.0 0.0 1 2 4.0
-15.2   0.0 0.0 1 2 4.0
-15.2  15.0 0.0 1 2 4.0
 15.2 -15.0 0.0 1 2 2.0
 15.2   0.0 0.0 1 2 2.0
 15.2  15.0 0.0 1 2 2.0
-15.0 -15.2 0.0 1 2 4.0
-15.0   0.2 0.0 1 2 4.0
-15.0  15.2 0.0 1 2 4.0
 15.0 -15.2 0.0 1 2 2.0
 15.0   0.2 0.0 1 2 2.0
 15.0  15.2 0.0 1 2 2.0
-15.4 -15.0 0.0 1 2 4.0
-15.4   0.0 0.0 1 2 4.0
-15.4  15.0 0.0 1 2 4.0
 15.4 -15.0 0.0 1 2 2.0
 15.4   0.0 0.0 1 2 2.0
 15.4  15.0 0.0 1 2 2.0
-15.4 -15.2 0.0 1 2 4.0
-15.4   0.2 0.0 1 2 4.0
-15.4  15.2 0.0 1 2 4.0
 15.4 -15.2 0.0 1 2 2.0
 15.4   0.2 0.0 1 2 2.0
 15.4  15.2 0.0 1 2 2.0
15.184139 19.161862 0.000000 2 2 0.10
15.113429 19.227871 0.000000 2 2 0.10
15.191014 19.193555 0.000000 2 2 0.10
15.096278 19.064187 0.000000 2 2 0.10
15.165685 18.919438 0.000000 2 2 0.10
15.178040 18.863144 0.000000 2 2 0.10
15.045222 18.990370 0.000000 2 2 0.10
15.091387 18.826943 0.000000 2 2 0.10
15.012624 18.620747 0.000000 2 2 0.10
15.023891 18.637125 0.000000 2 2 0.10
15.054259 18.719561 0.000000 2 2 0.10
15.231147 18.534235 0.000000 2 2 0.10
15.218359 18.252996 0.000000 2 2 0.10
15.086343 18.298721 0.000000 2 2 0.10
15.020379 18.313882 0.000000 2 2 0.10
15.218430 18.263383 0.000000 2 2 0.10
15.150635 18.099134 0.000000 2 2 0.10
15.005380 18.095634 0.000000 2 2 0.10
15.000491 18.202808 0.000000 2 2 0.10
15.249980 18.160774 0.000000 2 2 0.10
15.057987 17.931201 0.000000 2 2 0.10
15.135589 17.936419 0.000000 2 2 0.10
15.101912 17.958769 0.000000 2 2 0.10
15.183841 17.795622 0.000000 2 2 0.10
15.078650 17.575911 0.000000 2 2 0.10
15.198617 17.510933 0.000000 2 2 0.10
15.158440 17.528172 0.000000 2 2 0.10
15.055301 17.720716 0.000000 2 2 0.10
15.010445 17.474957 0.000000 2 2 0.10
15.139287 17.479773 0.000000 2 2 0.10
15.160521 17.327958 0.000000 2 2 0.10
15.059104 17.456769 0.000000 2 2 0.10
15.207767 17.104359 0.000000 2 2 0.10
15.116342 17.178245 0.000000 2 2 0.10
15.168986 17.136197 0.000000 2 2 0.10
15.088789 17.173021 0.000000 2 2 0.10
15.108783 2.825099 0.000000 2 2 0.10
15.236478 2.881242 0.000000 2 2 0.10
15.077130 2.844446 0.000000 2 2 0.10
15.201180 2.864937 0.000000 2 2 0.10
15.022975 2.609752 0.000000 2 2 0.10
15.203189 2.684792 0.000000 2 2 0.10
15.034171 2.607156 0.000000 2 2 0.10
15.021834 2.607052 0.000000 2 2 0.10
15.063328 2.283336 0.000000 2 2 0.10
15.231389 2.446102 0.000000 2 2 0.10
15.190050 2.270864 0.000000 2 2 0.10
15.203924 2.392317 0.000000 2 2 0.10
15.105035 2.067803 0.000000 2 2 0.10
15.061970 2.109944 0.000000 2 2 0.10
15.189222 2.230874 0.000000 2 2 0.10
15.139993 2.005924 0.000000 2 2 0.10
15.096275 1.839913 0.000000 2 2 0.10
15.116036 1.952357 0.000000 2 2 0.10
15.130553 1.813752 0.000000 2 2 0.10
15.181582 1.852197 0.000000 2 2 0.10
15.097916 1.548921 0.000000 2 2 0.10
15.084596 1.674116 0.000000 2 2 0.10
15.242367 1.686242 0.000000 2 2 0.10
15.024459 1.513131 0.000000 2 2 0.10
15.148984 1.307671 0.000000 2 2 0.10
15.119142 1.343972 0.000000 2 2 0.10
15.092929 1.498938 0.000000 2 2 0.10
15.066126 1.457894 0.000000 2 2 0.10
15.499690 5.128719 0.000000 2 2 0.10
15.283576 5.118461 0.000000 2 2 0.10
15.359941 5.051801 0.000000 2 2 0.10
15.307724 5.195723 0.000000 2 2 0.10
15.363100 4.919933 0.000000 2 2 0.10
15.343776 4.839935 0.000000 2 2 0.10
15.332385 4.943780 0.000000 2 2 0.10
15.497205 4.863663 0.000000 2 2 0.10
15.368643 4.606733 0.000000 2 2 0.10
15.398783 4.571177 0.000000 2 2 0.10
15.304281 4.608554 0.000000 2 2 0.10
15.484865 4.748384 0.000000 2 2 0.10
15.319312 4.256574 0.000000 2 2 0.10
15.405893 4.266896 0.000000 2 2 0.10
15.327535 4.495105 0.000000 2 2 0.10
15.469188 4.325404 0.000000 2 2 0.10
15.493001 4.151408 0.000000 2 2 0.10
15.412449 4.014195 0.000000 2 2 0.10
15.411127 4.095362 0.000000 2 2 0.10
15.466121 4.145973 0.000000 2 2 0.10
15.440343 17.940070 0.000000 2 2 0.10
15.417805 17.887842 0.000000 2 2 0.10
15.438906 17.907307 0.000000 2 2 0.10
15.274957 17.768382 0.000000 2 2 0.10
15.408097 17.527339 0.000000 2 2 0.10
15.416166 17.743731 0.000000 2 2 0.10
15.321768 17.572819 0.000000 2 2 0.10
15.458821 17.603683 0.000000 2 2 0.10
15.451642 17.332292 0.000000 2 2 0.10
15.354209 17.288742 0.000000 2 2 0.10
15.390000 17.297903 0.000000 2 2 0.10
15.411305 17.496139 0.000000 2 2 0.10
15.478102 17.041300 0.000000 2 2 0.10
15.291332 17.021705 0.000000 2 2 0.10
15.370731 17.142446 0.000000 2 2 0.10
15.411337 17.098201 0.000000 2 2 0.10
15.297444 2.919662 0.000000 2 2 0.10
15.327173 2.999013 0.000000 2 2 0.10
15.358231 2.949275 0.000000 2 2 0.10
15.254416 2.936963 0.000000 2 2 0.10
15.351312 2.626098 0.000000 2 2 0.10
15.431697 2.615174 0.000000 2 2 0.10
15.311327 2.654166 0.000000 2 2 0.10
15.458860 2.702097 0.000000 2 2 0.10
15.332301 2.307285 0.000000 2 2 0.10
15.416555 2.472488 0.000000 2 2 0.10
15.431277 2.416432 0.000000 2 2 0.10
15.476698 2.479829 0.000000 2 2 0.10
15.314606 2.139559 0.000000 2 2 0.10
15.349257 2.008278 0.000000 2 2 0.10
15.272227 2.237132 0.000000 2 2 0.10
15.477770 2.132580 0.000000 2 2 0.10
15.401629 1.863478 0.000000 2 2 0.10
15.422145 1.889279 0.000000 2 2 0.10
15.405152 1.803839 0.000000 2 2 0.10
15.256231 1.957611 0.000000 2 2 0.10
15.344112 1.578703 0.000000 2 2 0.10
15.257814 1.686861 0.000000 2 2 0.10
15.380188 1.510882 0.000000 2 2 0.10
15.465330 1.683625 0.000000 2 2 0.10
15.499817 1.430097 0.000000 2 2 0.10
15.260421 1.271624 0.000000 2 2 0.10
15.325907 1.387534 0.000000 2 2 0.10
15.287702 1.493106 0.000000 2 2 0.10
15.727771 5.218959 0.000000 2 2 0.10
15.526565 5.236958 0.000000 2 2 0.10
15.587239 5.015002 0.000000 2 2 0.10
15.559490 5.063702 0.000000 2 2 0.10
15.537256 4.864925 0.000000 2 2 0.10
15.521970 4.796234 0.000000 2 2 0.10
15.520308 4.765856 0.000000 2 2 0.10
15.687338 4.930076 0.000000 2 2 0.10
15.628541 4.611952 0.000000 2 2 0.10
15.689160 4.649250 0.000000 2 2 0.10
15.647617 4.592247 0.000000 2 2 0.10
15.594380 4.614813 0.000000 2 2 0.10
15.737977 4.488510 0.000000 2 2 0.10
15.582260 4.414257 0.000000 2 2 0.10
15.733077 4.462794 0.000000 2 2 0.10
15.577016 4.477106 0.000000 2 2 0.10
15.556436 4.187303 0.000000 2 2 0.10
15.651808 4.091406 0.000000 2 2 0.10
15.564358 4.102822 0.000000 2 2 0.10
15.684442 4.215682 0.000000 2 2 0.10
15.713481 17.850566 0.000000 2 2 0.10
15.682369 17.855376 0.000000 2 2 0.10
15.529774 17.800015 0.000000 2 2 0.10
15.709751 17.760150 0.000000 2 2 0.10
15.564223 17.658354 0.000000 2 2 0.10
15.675943 17.541709 0.000000 2 2 0.10
15.656742 17.672483 0.000000 2 2 0.10
15.506203 17.593079 0.000000 2 2 0.10
15.538428 17.459060 0.000000 2 2 0.10
15.649462 17.452271 0.000000 2 2 0.10
15.673739 17.362818 0.000000 2 2 0.10
15.709337 17.357295 0.000000 2 2 0.10
15.635079 17.048467 0.000000 2 2 0.10
15.716893 17.003493 0.000000 2 2 0.10
15.585129 17.068575 0.000000 2 2 0.10
15.724139 17.148990 0.000000 2 2 0.10
15.734190 2.816008 0.000000 2 2 0.10
15.569998 2.975129 0.000000 2 2 0.10
15.637885 2.751644 0.000000 2 2 0.10
15.686656 2.909040 0.000000 2 2 0.10
15.722906 2.699820 0.000000 2 2 0.10
15.655863 2.539785 0.000000 2 2 0.10
15.679717 2.615029 0.000000 2 2 0.10
15.630069 2.512293 0.000000 2 2 0.10
15.543728 2.341398 0.000000 2 2 0.10
15.591019 2.428318 0.000000 2 2 0.10
15.731238 2.371531 0.000000 2 2 0.10
15.730871 2.250941 0.000000 2 2 0.10
15.691596 2.243009 0.000000 2 2 0.10
15.707690 2.207877 0.000000 2 2 0.10
15.688196 2.237916 0.000000 2 2 0.10
15.681174 2.243574 0.000000 2 2 0.10
15.670071 1.994511 0.000000 2 2 0.10
15.517211 1.999234 0.000000 2 2 0.10
15.575213 1.753459 0.000000 2 2 0.10
15.519764 1.780948 0.000000 2 2 0.10
15.522376 1.631869 0.000000 2 2 0.10
15.739836 1.617839 0.000000 2 2 0.10
15.635237 1.591857 0.000000 2 2 0.10
15.547290 1.559532 0.000000 2 2 0.10
15.596279 1.279405 0.000000 2 2 0.10
15.635126 1.438621 0.000000 2 2 0.10
15.588001 1.443378 0.000000 2 2 0.10
15.726298 1.431289 0.000000 2 2 0.10
15.773742 5.166184 0.000000 2 2 0.10
15.916755 5.116674 0.000000 2 2 0.10
15.926549 5.106794 0.000000 2 2 0.10
15.788108 5.225855 0.000000 2 2 0.10
15.873148 4.843872 0.000000 2 2 0.10
15.818476 4.917935 0.000000 2 2 0.10
15.802249 4.806380 0.000000 2 2 0.10
15.969779 4.914111 0.000000 2 2 0.10
15.757398 4.670793 0.000000 2 2 0.10
15.937028 4.561739 0.000000 2 2 0.10
15.984744 4.630347 0.000000 2 2 0.10
15.792545 4.507444 0.000000 2 2 0.10
15.791966 4.254325 0.000000 2 2 0.10
15.975497 4.316310 0.000000 2 2 0.10
15.784448 4.451946 0.000000 2 2 0.10
15.917129 4.388197 0.000000 2 2 0.10
15.790087 4.055906 0.000000 2 2 0.10
15.752034 4.163392 0.000000 2 2 0.10
15.881877 4.189861 0.000000 2 2 0.10
15.968839 4.212713 0.000000 2 2 0.10
15.973189 17.822856 0.000000 2 2 0.10
15.841966 17.933556 0.000000 2 2 0.10
15.839008 17.827488 0.000000 2 2 0.10
15.988290 17.881807 0.000000 2 2 0.10
15.854905 17.713642 0.000000 2 2 0.10
15.870220 17.658527 0.000000 2 2 0.10
15.939541 17.650252 0.000000 2 2 0.10
15.937266 17.619344 0.000000 2 2 0.10
15.792534 17.347697 0.000000 2 2 0.10
15.797252 17.328072 0.000000 2 2 0.10
15.879661 17.407584 0.000000 2 2 0.10
15.886168 17.315838 0.000000 2 2 0.10
15.941781 17.082648 0.000000 2 2 0.10
15.859562 17.031535 0.000000 2 2 0.10
15.839497 17.048540 0.000000 2 2 0.10
15.820155 17.037196 0.000000 2 2 0.10
15.856236 2.754860 0.000000 2 2 0.10
15.847584 2.905945 0.000000 2 2 0.10
15.752028 2.756175 0.000000 2 2 0.10
15.805503 2.839979 0.000000 2 2 0.10
15.788537 2.560978 0.000000 2 2 0.10
15.962262 2.695656 0.000000 2 2 0.10
15.982927 2.630593 0.000000 2 2 0.10
15.784200 2.503726 0.000000 2 2 0.10
15.933339 2.461771 0.000000 2 2 0.10
15.948852 2.330393 0.000000 2 2 0.10
15.898381 2.349632 0.000000 2 2 0.10
15.992845 2.289799 0.000000 2 2 0.10
15.958206 2.089179 0.000000 2 2 0.10
15.764932 2.224189 0.000000 2 2 0.10
15.802610 2.233696 0.000000 2 2 0.10
15.765515 2.128429 0.000000 2 2 0.10
15.923661 1.762234 0.000000 2 2 0.10
15.906294 1.791458 0.000000 2 2 0.10
15.841131 1.936337 0.000000 2 2 0.10
15.851996 1.771034 0.000000 2 2 0.10
15.954765 1.727422 0.000000 2 2 0.10
15.775601 1.683501 0.000000 2 2 0.10
15.879605 1.544232 0.000000 2 2 0.10
15.788217 1.708293 0.000000 2 2 0.10
15.756437 1.292233 0.000000 2 2 0.10
15.807250 1.345266 0.000000 2 2 0.10
15.932953 1.376340 0.000000 2 2 0.10
15.787087 1.325936 0.000000 2 2 0.10
16.206200 5.019706 0.000000 2 2 0.10
16.009064 5.125871 0.000000 2 2 0.10
16.193525 5.060935 0.000000 2 2 0.10
16.234151 5.107386 0.000000 2 2 0.10
16.046355 4.993205 0.000000 2 2 0.10
16.045729 4.806261 0.000000 2 2 0.10
16.092328 4.811295 0.000000 2 2 0.10
16.191298 4.881827 0.000000 2 2 0.10
16.001646 4.546295 0.000000 2 2 0.10
16.070478 4.618955 0.000000 2 2 0.10
16.106896 4.620144 0.000000 2 2 0.10
16.000283 4.633323 0.000000 2 2 0.10
16.182999 4.468288 0.000000 2 2 0.10
16.188486 4.412059 0.000000 2 2 0.10
16.204716 4.352897 0.000000 2 2 0.10
16.093641 4.266194 0.000000 2 2 0.10
16.232378 4.146853 0.000000 2 2 0.10
16.028037 4.095132 0.000000 2 2 0.10
16.154871 4.236656 0.000000 2 2 0.10
16.019048 4.141644 0.000000 2 2 0.10
16.231967 17.822760 0.000000 2 2 0.10
16.198181 17.897958 0.000000 2 2 0.10
16.116668 17.978649 0.000000 2 2 0.10
16.079174 17.965311 0.000000 2 2 0.10
16.229744 17.587581 0.000000 2 2 0.10
16.203371 17.544932 0.000000 2 2 0.10
16.186457 17.695685 0.000000 2 2 0.10
16.035371 17.624254 0.000000 2 2 0.10
16.168995 17.315078 0.000000 2 2 0.10
16.095519 17.320142 0.000000 2 2 0.10
16.058393 17.260253 0.000000 2 2 0.10
16.093105 17.266848 0.000000 2 2 0.10
16.247352 17.009706 0.000000 2 2 0.10
16.022422 17.193567 0.000000 2 2 0.10
16.012745 17.236437 0.000000 2 2 0.10
16.199516 17.212252 0.000000 2 2 0.10
16.153662 2.791644 0.000000 2 2 0.10
16.216141 2.965483 0.000000 2 2 0.10
16.054824 2.854215 0.000000 2 2 0.10
16.213559 2.847006 0.000000 2 2 0.10
16.038636 2.744947 0.000000 2 2 0.10
16.182497 2.588356 0.000000 2 2 0.10
16.068102 2.579596 0.000000 2 2 0.10
16.191427 2.618928 0.000000 2 2 0.10
16.008576 2.482045 0.000000 2 2 0.10
16.242276 2.317977 0.000000 2 2 0.10
16.041593 2.461479 0.000000 2 2 0.10
16.002501 2.485139 0.000000 2 2 0.10
16.090259 2.106982 0.000000 2 2 0.10
16.215020 2.107923 0.000000 2 2 0.10
16.165789 2.213644 0.000000 2 2 0.10
16.080349 2.194316 0.000000 2 2 0.10
16.220773 1.845602 0.000000 2 2 0.10
16.131178 1.934153 0.000000 2 2 0.10
16.099944 1.879687 0.000000 2 2 0.10
16.022997 1.751731 0.000000 2 2 0.10
16.017485 1.649808 0.000000 2 2 0.10
16.167163 1.717794 0.000000 2 2 0.10
16.184716 1.665077 0.000000 2 2 0.10
16.124087 1.511481 0.000000 2 2 0.10
16.123313 1.418690 0.000000 2 2 0.10
16.025484 1.440104 0.000000 2 2 0.10
16.086386 1.251158 0.000000 2 2 0.10
16.215145 1.438140 0.000000 2 2 0.10
16.470783 5.007304 0.000000 2 2 0.10
16.444200 5.234731 0.000000 2 2 0.10
16.275663 5.127043 0.000000 2 2 0.10
16.257728 5.238025 0.000000 2 2 0.10
16.303753 4.823221 0.000000 2 2 0.10
16.382455 4.832344 0.000000 2 2 0.10
16.424226 4.934873 0.000000 2 2 0.10
16.458417 4.997943 0.000000 2 2 0.10
16.353216 4.669644 0.000000 2 2 0.10
16.391529 4.664407 0.000000 2 2 0.10
16.431596 4.561294 0.000000 2 2 0.10
16.325359 4.653941 0.000000 2 2 0.10
16.400942 4.277153 0.000000 2 2 0.10
16.442804 4.433897 0.000000 2 2 0.10
16.303480 4.447930 0.000000 2 2 0.10
16.266493 4.457804 0.000000 2 2 0.10
16.391508 4.009395 0.000000 2 2 0.10
16.413628 4.167732 0.000000 2 2 0.10
16.296182 4.130468 0.000000 2 2 0.10
16.362145 4.208563 0.000000 2 2 0.10
16.340171 17.976763 0.000000 2 2 0.10
16.257465 17.841646 0.000000 2 2 0.10
16.483454 17.919357 0.000000 2 2 0.10
16.260047 17.756872 0.000000 2 2 0.10
16.295588 17.572999 0.000000 2 2 0.10
16.266466 17.578233 0.000000 2 2 0.10
16.273236 17.589782 0.000000 2 2 0.10
16.399564 17.681758 0.000000 2 2 0.10
16.255828 17.365480 0.000000 2 2 0.10
16.317224 17.374831 0.000000 2 2 0.10
16.288083 17.353298 0.000000 2 2 0.10
16.493787 17.343321 0.000000 2 2 0.10
16.325258 17.223343 0.000000 2 2 0.10
16.366570 17.227848 0.000000 2 2 0.10
16.282202 17.156832 0.000000 2 2 0.10
16.382941 17.228662 0.000000 2 2 0.10
16.375067 2.868953 0.000000 2 2 0.10
16.404474 2.933996 0.000000 2 2 0.10
16.382646 2.922513 0.000000 2 2 0.10
16.394615 2.952388 0.000000 2 2 0.10
16.309740 2.617576 0.000000 2 2 0.10
16.489805 2.742665 0.000000 2 2 0.10
16.460800 2.598539 0.000000 2 2 0.10
16.460553 2.676529 0.000000 2 2 0.10
16.450210 2.383521 0.000000 2 2 0.10
16.496845 2.338469 0.000000 2 2 0.10
16.424882 2.464736 0.000000 2 2 0.10
16.495432 2.336509 0.000000 2 2 0.10
16.422999 2.108233 0.000000 2 2 0.10
16.361325 2.209425 0.000000 2 2 0.10
16.293759 2.051000 0.000000 2 2 0.10
16.292433 2.032721 0.000000 2 2 0.10
16.392709 1.874342 0.000000 2 2 0.10
16.296450 1.942831 0.000000 2 2 0.10
16.399250 1.911022 0.000000 2 2 0.10
16.366002 1.961351 0.000000 2 2 0.10
16.455208 1.669913 0.000000 2 2 0.10
16.484543 1.532258 0.000000 2 2 0.10
16.478454 1.524155 0.000000 2 2 0.10
16.333097 1.594603 0.000000 2 2 0.10
16.485842 1.311709 0.000000 2 2 0.10
16.332234 1.379414 0.000000 2 2 0.10
16.308043 1.490083 0.000000 2 2 0.10
16.496041 1.428351 0.000000 2 2 0.10
16.742973 5.201296 0.000000 2 2 0.10
16.502539 5.155950 0.000000 2 2 0.10
16.597888 5.195479 0.000000 2 2 0.10
16.636252 5.008243 0.000000 2 2 0.10
16.572477 4.785832 0.000000 2 2 0.10
16.606021 4.929871 0.000000 2 2 0.10
16.672241 4.869874 0.000000 2 2 0.10
16.548778 4.841086 0.000000 2 2 0.10
16.732621 4.687249 0.000000 2 2 0.10
16.707779 4.621359 0.000000 2 2 0.10
16.723509 4.500858 0.000000 2 2 0.10
16.695075 4.671982 0.000000 2 2 0.10
16.697134 4.280334 0.000000 2 2 0.10
16.521339 4.431179 0.000000 2 2 0.10
16.657896 4.405788 0.000000 2 2 0.10
16.689197 4.406326 0.000000 2 2 0.10
16.711892 4.165327 0.000000 2 2 0.10
16.545696 4.140947 0.000000 2 2 0.10
16.610094 4.176471 0.000000 2 2 0.10
16.519512 4.037585 0.000000 2 2 0.10
16.709214 17.762757 0.000000 2 2 0.10
16.594786 17.802658 0.000000 2 2 0.10
16.739510 17.754205 0.000000 2 2 0.10
16.615229 17.766012 0.000000 2 2 0.10
16.514464 17.642653 0.000000 2 2 0.10
16.666202 17.564167 0.000000 2 2 0.10
16.584034 17.717081 0.000000 2 2 0.10
16.651956 17.516163 0.000000 2 2 0.10
16.713094 17.490087 0.000000 2 2 0.10
16.720948 17.253064 0.000000 2 2 0.10
16.700680 17.340680 0.000000 2 2 0.10
16.568871 17.423233 0.000000 2 2 0.10
16.685889 17.184982 0.000000 2 2 0.10
16.629521 17.230291 0.000000 2 2 0.10
16.595084 17.134023 0.000000 2 2 0.10
16.706250 17.109501 0.000000 2 2 0.10
16.683834 2.843958 0.000000 2 2 0.10
16.551196 2.939885 0.000000 2 2 0.10
16.522429 2.950384 0.000000 2 2 0.10
16.706897 2.911041 0.000000 2 2 0.10
16.749615 2.720714 0.000000 2 2 0.10
16.717735 2.626738 0.000000 2 2 0.10
16.728824 2.534054 0.000000 2 2 0.10
16.558344 2.742238 0.000000 2 2 0.10
16.640666 2.270700 0.000000 2 2 0.10
16.509021 2.483202 0.000000 2 2 0.10
16.703815 2.396103 0.000000 2 2 0.10
16.744473 2.309662 0.000000 2 2 0.10
16.583564 2.142879 0.000000 2 2 0.10
16.634942 2.022318 0.000000 2 2 0.10
16.611159 2.031142 0.000000 2 2 0.10
16.721527 2.035751 0.000000 2 2 0.10
16.691288 1.793275 0.000000 2 2 0.10
16.612447 1.823019 0.000000 2 2 0.10
16.656337 1.870742 0.000000 2 2 0.10
16.677182 1.963178 0.000000 2 2 0.10
16.523110 1.594990 0.000000 2 2 0.10
16.707094 1.743108 0.000000 2 2 0.10
16.554875 1.624571 0.000000 2 2 0.10
16.698137 1.736401 0.000000 2 2 0.10
16.657724 1.479712 0.000000 2 2 0.10
16.516841 1.274710 0.000000 2 2 0.10
16.531689 1.454835 0.000000 2 2 0.10
16.589303 1.340933 0.000000 2 2 0.10
16.912775 5.164370 0.000000 2 2 0.10
16.787732 5.001129 0.000000 2 2 0.10
16.970486 5.203942 0.000000 2 2 0.10
16.940804 5.137319 0.000000 2 2 0.10
16.901719 4.832045 0.000000 2 2 0.10
16.836762 4.877198 0.000000 2 2 0.10
16.971242 4.767197 0.000000 2 2 0.10
16.796048 4.787852 0.000000 2 2 0.10
16.953815 4.579168 0.000000 2 2 0.10
16.919231 4.524866 0.000000 2 2 0.10
16.842076 4.705270 0.000000 2 2 0.10
16.791370 4.735725 0.000000 2 2 0.10
16.819161 4.293900 0.000000 2 2 0.10
16.801765 4.262277 0.000000 2 2 0.10
16.984359 4.337896 0.000000 2 2 0.10
16.883080 4.343214 0.000000 2 2 0.10
16.853331 4.193788 0.000000 2 2 0.10
16.899318 4.191695 0.000000 2 2 0.10
16.981201 4.179429 0.000000 2 2 0.10
16.841837 4.028487 0.000000 2 2 0.10
16.848825 17.752077 0.000000 2 2 0.10
16.959459 17.762929 0.000000 2 2 0.10
16.834284 17.824463 0.000000 2 2 0.10
16.978903 17.821138 0.000000 2 2 0.10
16.864961 17.604993 0.000000 2 2 0.10
16.836775 17.504272 0.000000 2 2 0.10
16.930757 17.583604 0.000000 2 2 0.10
16.980721 17.662098 0.000000 2 2 0.10
16.883790 17.470061 0.000000 2 2 0.10
16.995113 17.278332 0.000000 2 2 0.10
16.789495 17.294767 0.000000 2 2 0.10
16.777692 17.352243 0.000000 2 2 0.10
16.925560 17.181108 0.000000 2 2 0.10
16.905630 17.238871 0.000000 2 2 0.10
16.767710 17.138813 0.000000 2 2 0.10
16.946728 17.074567 0.000000 2 2 0.10
16.887290 2.753870 0.000000 2 2 0.10
16.973792 2.935235 0.000000 2 2 0.10
16.833295 2.756414 0.000000 2 2 0.10
16.791547 2.927953 0.000000 2 2 0.10
16.819252 2.589391 0.000000 2 2 0.10
16.882369 2.746190 0.000000 2 2 0.10
16.890934 2.514837 0.000000 2 2 0.10
16.938079 2.528019 0.000000 2 2 0.10
16.817354 2.308843 0.000000 2 2 0.10
16.904585 2.476938 0.000000 2 2 0.10
16.816022 2.489600 0.000000 2 2 0.10
16.857931 2.464420 0.000000 2 2 0.10
16.986951 2.134240 0.000000 2 2 0.10
16.914715 2.021856 0.000000 2 2 0.10
16.924579 2.180621 0.000000 2 2 0.10
16.773796 2.187119 0.000000 2 2 0.10
16.769381 1.889297 0.000000 2 2 0.10
16.919296 1.798289 0.000000 2 2 0.10
16.844754 1.824438 0.000000 2 2 0.10
16.949467 1.882929 0.000000 2 2 0.10
16.969481 1.537809 0.000000 2 2 0.10
16.891121 1.585765 0.000000 2 2 0.10
16.956244 1.554572 0.000000 2 2 0.10
16.876793 1.515643 0.000000 2 2 0.10
16.960696 1.293420 0.000000 2 2 0.10
16.926658 1.294516 0.000000 2 2 0.10
16.921407 1.306836 0.000000 2 2 0.10
16.827726 1.275633 0.000000 2 2 0.10
17.214333 5.140950 0.000000 2 2 0.10
17.061384 5.036978 0.000000 2 2 0.10
17.106758 5.223188 0.000000 2 2 0.10
17.092160 5.057396 0.000000 2 2 0.10
17.162920 4.824139 0.000000 2 2 0.10
17.181067 4.824743 0.000000 2 2 0.10
17.076867 4.753573 0.000000 2 2 0.10
17.165669 4.852726 0.000000 2 2 0.10
17.145228 4.678970 0.000000 2 2 0.10
17.027262 4.724721 0.000000 2 2 0.10
17.202337 4.560089 0.000000 2 2 0.10
17.069895 4.624929 0.000000 2 2 0.10
17.221679 4.457914 0.000000 2 2 0.10
17.248962 4.496846 0.000000 2 2 0.10
17.067332 4.435045 0.000000 2 2 0.10
17.186207 4.366124 0.000000 2 2 0.10
17.018371 4.198791 0.000000 2 2 0.10
17.019784 4.065442 0.000000 2 2 0.10
17.169685 4.139406 0.000000 2 2 0.10
17.084369 4.200620 0.000000 2 2 0.10
17.233861 17.762003 0.000000 2 2 0.10
17.157363 17.855530 0.000000 2 2 0.10
17.026277 17.814348 0.000000 2 2 0.10
17.035723 17.996491 0.000000 2 2 0.10
17.029565 17.611869 0.000000 2 2 0.10
17.223077 17.596890 0.000000 2 2 0.10
17.012463 17.579440 0.000000 2 2 0.10
17.227322 17.628796 0.000000 2 2 0.10
17.013478 17.443579 0.000000 2 2 0.10
17.070512 17.465903 0.000000 2 2 0.10
17.002343 17.387192 0.000000 2 2 0.10
17.033295 17.254044 0.000000 2 2 0.10
17.059311 17.067186 0.000000 2 2 0.10
17.091931 17.131808 0.000000 2 2 0.10
17.092681 17.018892 0.000000 2 2 0.10
17.240382 17.149553 0.000000 2 2 0.10
17.051285 2.841896 0.000000 2 2 0.10
17.169210 2.761922 0.000000 2 2 0.10
17.036138 2.849689 0.000000 2 2 0.10
17.068915 2.753162 0.000000 2 2 0.10
17.161265 2.528809 0.000000 2 2 0.10
17.232467 2.520983 0.000000 2 2 0.10
17.115115 2.580413 0.000000 2 2 0.10
17.113122 2.669296 0.000000 2 2 0.10
17.058984 2.489310 0.000000 2 2 0.10
17.013845 2.408744 0.000000 2 2 0.10
17.061691 2.380829 0.000000 2 2 0.10
17.157941 2.332756 0.000000 2 2 0.10
17.173530 2.002705 0.000000 2 2 0.10
17.006812 2.160531 0.000000 2 2 0.10
17.131975 2.117163 0.000000 2 2 0.10
17.137433 2.243156 0.000000 2 2 0.10
17.158475 1.876491 0.000000 2 2 0.10
17.200604 1.844779 0.000000 2 2 0.10
17.107602 1.822877 0.000000 2 2 0.10
17.052079 1.818709 0.000000 2 2 0.10
17.018663 1.553869 0.000000 2 2 0.10
17.004390 1.613475 0.000000 2 2 0.10
17.029922 1.704014 0.000000 2 2 0.10
17.139490 1.666481 0.000000 2 2 0.10
17.135541 1.268116 0.000000 2 2 0.10
17.127314 1.354443 0.000000 2 2 0.10
17.248030 1.254770 0.000000 2 2 0.10
17.228887 1.259983 0.000000 2 2 0.10
17.347442 5.174244 0.000000 2 2 0.10
17.445259 5.178444 0.000000 2 2 0.10
17.401071 5.025967 0.000000 2 2 0.10
17.347519 5.220918 0.000000 2 2 0.10
17.315295 4.907115 0.000000 2 2 0.10
17.259319 4.963223 0.000000 2 2 0.10
17.252224 4.778057 0.000000 2 2 0.10
17.337159 4.822602 0.000000 2 2 0.10
17.351426 4.721011 0.000000 2 2 0.10
17.467414 4.592181 0.000000 2 2 0.10
17.458543 4.590414 0.000000 2 2 0.10
17.446020 4.681558 0.000000 2 2 0.10
17.378606 4.275939 0.000000 2 2 0.10
17.413752 4.300597 0.000000 2 2 0.10
17.383929 4.305521 0.000000 2 2 0.10
17.261578 4.457454 0.000000 2 2 0.10
17.289190 4.045980 0.000000 2 2 0.10
17.332106 4.231554 0.000000 2 2 0.10
17.252189 4.147509 0.000000 2 2 0.10
17.285926 4.099057 0.000000 2 2 0.10
17.364987 17.842900 0.000000 2 2 0.10
17.487162 17.929165 0.000000 2 2 0.10
17.474645 17.894338 0.000000 2 2 0.10
17.392981 17.972748 0.000000 2 2 0.10
17.264868 17.648337 0.000000 2 2 0.10
17.344882 17.601500 0.000000 2 2 0.10
17.309327 17.685497 0.000000 2 2 0.10
17.425660 17.646390 0.000000 2 2 0.10
17.344168 17.263688 0.000000 2 2 0.10
17.414258 17.303305 0.000000 2 2 0.10
17.334017 17.270326 0.000000 2 2 0.10
17.388257 17.259358 0.000000 2 2 0.10
17.458357 17.133432 0.000000 2 2 0.10
17.321911 17.118706 0.000000 2 2 0.10
17.361825 17.158212 0.000000 2 2 0.10
17.342645 17.043513 0.000000 2 2 0.10
17.436331 2.916137 0.000000 2 2 0.10
17.403016 2.965962 0.000000 2 2 0.10
17.345502 2.795503 0.000000 2 2 0.10
17.281854 2.791594 0.000000 2 2 0.10
17.286634 2.635021 0.000000 2 2 0.10
17.315522 2.554071 0.000000 2 2 0.10
17.456746 2.740683 0.000000 2 2 0.10
17.382907 2.655363 0.000000 2 2 0.10
17.273942 2.432271 0.000000 2 2 0.10
17.398631 2.393216 0.000000 2 2 0.10
17.292724 2.315302 0.000000 2 2 0.10
17.467575 2.353500 0.000000 2 2 0.10
17.329725 2.202457 0.000000 2 2 0.10
17.337264 2.204668 0.000000 2 2 0.10
17.312516 2.102176 0.000000 2 2 0.10
17.379462 2.123391 0.000000 2 2 0.10
17.320627 1.836404 0.000000 2 2 0.10
17.306388 1.772595 0.000000 2 2 0.10
17.497927 1.873172 0.000000 2 2 0.10
17.404710 1.869535 0.000000 2 2 0.10
17.451628 1.540996 0.000000 2 2 0.10
17.483659 1.673171 0.000000 2 2 0.10
17.330219 1.639825 0.000000 2 2 0.10
17.395969 1.660745 0.000000 2 2 0.10
17.396993 1.373643 0.000000 2 2 0.10
17.343926 1.349572 0.000000 2 2 0.10
17.402209 1.417082 0.000000 2 2 0.10
17.450065 1.461653 0.000000 2 2 0.10
17.715172 5.090955 0.000000 2 2 0.10
17.563890 5.167300 0.000000 2 2 0.10
17.555673 5.014411 0.000000 2 2 0.10
17.613714 5.163968 0.000000 2 2 0.10
17.705369 4.792022 0.000000 2 2 0.10
17.666981 4.940943 0.000000 2 2 0.10
17.733724 4.817609 0.000000 2 2 0.10
17.670989 4.999071 0.000000 2 2 0.10
17.742082 4.512729 0.000000 2 2 0.10
17.650701 4.644050 0.000000 2 2 0.10
17.540739 4.638079 0.000000 2 2 0.10
17.742430 4.647925 0.000000 2 2 0.10
17.526934 4.402524 0.000000 2 2 0.10
17.507268 4.466806 0.000000 2 2 0.10
17.700104 4.337330 0.000000 2 2 0.10
17.545488 4.304750 0.000000 2 2 0.10
17.576550 4.090083 0.000000 2 2 0.10
17.729218 4.125728 0.000000 2 2 0.10
17.518961 4.144730 0.000000 2 2 0.10
17.701656 4.242526 0.000000 2 2 0.10
17.581220 17.938931 0.000000 2 2 0.10
17.748079 17.834476 0.000000 2 2 0.10
17.589724 17.807933 0.000000 2 2 0.10
17.598907 17.835922 0.000000 2 2 0.10
17.639990 17.570772 0.000000 2 2 0.10
17.538946 17.542702 0.000000 2 2 0.10
17.629453 17.533969 0.000000 2 2 0.10
17.626501 17.514577 0.000000 2 2 0.10
17.550180 17.403065 0.000000 2 2 0.10
17.670132 17.336215 0.000000 2 2 0.10
17.745541 17.285585 0.000000 2 2 0.10
17.716477 17.411027 0.000000 2 2 0.10
17.735001 17.153269 0.000000 2 2 0.10
17.601068 17.194684 0.000000 2 2 0.10
17.600497 17.080944 0.000000 2 2 0.10
17.717806 17.220354 0.000000 2 2 0.10
17.709198 2.856904 0.000000 2 2 0.10
17.590565 2.985840 0.000000 2 2 0.10
17.679281 2.922119 0.000000 2 2 0.10
17.627028 2.861679 0.000000 2 2 0.10
17.580091 2.729129 0.000000 2 2 0.10
17.618078 2.568028 0.000000 2 2 0.10
17.598115 2.656527 0.000000 2 2 0.10
17.505078 2.626026 0.000000 2 2 0.10
17.734792 2.372072 0.000000 2 2 0.10
17.626694 2.321507 0.000000 2 2 0.10
17.548468 2.345152 0.000000 2 2 0.10
17.500002 2.392493 0.000000 2 2 0.10
17.736310 2.157688 0.000000 2 2 0.10
17.601852 2.043568 0.000000 2 2 0.10
17.517225 2.068149 0.000000 2 2 0.10
17.546724 2.145525 0.000000 2 2 0.10
17.501156 1.765602 0.000000 2 2 0.10
17.708346 1.803576 0.000000 2 2 0.10
17.660447 1.790244 0.000000 2 2 0.10
17.739767 1.800162 0.000000 2 2 0.10
17.629102 1.682978 0.000000 2 2 0.10
17.515292 1.542073 0.000000 2 2 0.10
17.634217 1.747574 0.000000 2 2 0.10
17.651744 1.501528 0.000000 2 2 0.10
17.521540 1.462704 0.000000 2 2 0.10
17.662151 1.260443 0.000000 2 2 0.10
17.718334 1.341467 0.000000 2 2 0.10
17.540996 1.496126 0.000000 2 2 0.10
17.997470 5.131816 0.000000 2 2 0.10
17.921405 5.051214 0.000000 2 2 0.10
17.932455 5.052255 0.000000 2 2 0.10
17.844052 5.244695 0.000000 2 2 0.10
17.944310 4.998316 0.000000 2 2 0.10
17.866024 4.766386 0.000000 2 2 0.10
17.833257 4.861608 0.000000 2 2 0.10
17.850661 4.837772 0.000000 2 2 0.10
17.826065 4.586255 0.000000 2 2 0.10
17.835020 4.741156 0.000000 2 2 0.10
17.750465 4.740126 0.000000 2 2 0.10
17.760726 4.584566 0.000000 2 2 0.10
17.970199 4.299531 0.000000 2 2 0.10
17.881577 4.262349 0.000000 2 2 0.10
17.769073 4.327397 0.000000 2 2 0.10
17.931610 4.291471 0.000000 2 2 0.10
17.886963 4.152751 0.000000 2 2 0.10
17.788613 4.141543 0.000000 2 2 0.10
17.791104 4.062378 0.000000 2 2 0.10
17.754002 4.190172 0.000000 2 2 0.10
17.839117 17.759053 0.000000 2 2 0.10
17.846660 17.900703 0.000000 2 2 0.10
17.949312 17.862772 0.000000 2 2 0.10
17.970709 17.785881 0.000000 2 2 0.10
17.783568 17.512671 0.000000 2 2 0.10
17.754947 17.547900 0.000000 2 2 0.10
17.783074 17.513158 0.000000 2 2 0.10
17.850296 17.504283 0.000000 2 2 0.10
17.900066 17.279657 0.000000 2 2 0.10
17.956115 17.405529 0.000000 2 2 0.10
17.803237 17.462698 0.000000 2 2 0.10
17.807463 17.482288 0.000000 2 2 0.10
17.972398 17.057197 0.000000 2 2 0.10
17.932618 17.049263 0.000000 2 2 0.10
17.949762 17.200053 0.000000 2 2 0.10
17.858761 17.133535 0.000000 2 2 0.10
17.898285 2.822563 0.000000 2 2 0.10
17.899992 2.921294 0.000000 2 2 0.10
17.852389 2.964032 0.000000 2 2 0.10
17.805274 2.991813 0.000000 2 2 0.10
17.974584 2.696864 0.000000 2 2 0.10
17.846729 2.735644 0.000000 2 2 0.10
17.917128 2.736515 0.000000 2 2 0.10
17.755740 2.698759 0.000000 2 2 0.10
17.785748 2.334349 0.000000 2 2 0.10
17.938027 2.265977 0.000000 2 2 0.10
17.798707 2.473156 0.000000 2 2 0.10
17.953774 2.269368 0.000000 2 2 0.10
17.881864 2.082176 0.000000 2 2 0.10
17.872570 2.161798 0.000000 2 2 0.10
17.840272 2.128554 0.000000 2 2 0.10
17.976615 2.049128 0.000000 2 2 0.10
17.766010 1.922679 0.000000 2 2 0.10
17.926105 1.903729 0.000000 2 2 0.10
17.789018 1.912604 0.000000 2 2 0.10
17.811346 1.834846 0.000000 2 2 0.10
17.769331 1.687479 0.000000 2 2 0.10
17.783402 1.554224 0.000000 2 2 0.10
17.976442 1.633536 0.000000 2 2 0.10
17.935390 1.539103 0.000000 2 2 0.10
17.951626 1.426437 0.000000 2 2 0.10
17.902444 1.336796 0.000000 2 2 0.10
17.780454 1.431536 0.000000 2 2 0.10
17.755023 1.453251 0.000000 2 2 0.10
16.052857 5.040019 0.000000 2 2 0.10
16.016031 5.058270 0.000000 2 2 0.10
16.198793 5.138174 0.000000 2 2 0.10
16.088595 5.168985 0.000000 2 2 0.10
16.115025 4.920510 0.000000 2 2 0.10
16.136131 4.782724 0.000000 2 2 0.10
16.193503 4.753264 0.000000 2 2 0.10
16.075385 4.836956 0.000000 2 2 0.10
16.192054 4.559948 0.000000 2 2 0.10
16.166073 4.639729 0.000000 2 2 0.10
16.122007 4.674792 0.000000 2 2 0.10
16.183612 4.551088 0.000000 2 2 0.10
16.230593 4.403840 0.000000 2 2 0.10
16.015176 4.425557 0.000000 2 2 0.10
16.178940 4.342336 0.000000 2 2 0.10
16.102187 4.364838 0.000000 2 2 0.10
16.032709 4.185519 0.000000 2 2 0.10
16.027957 4.088881 0.000000 2 2 0.10
16.062667 4.085444 0.000000 2 2 0.10
16.044305 4.234530 0.000000 2 2 0.10
16.017540 17.881548 0.000000 2 2 0.10
16.066557 17.891577 0.000000 2 2 0.10
16.166268 17.913814 0.000000 2 2 0.10
16.169967 17.947102 0.000000 2 2 0.10
16.065782 17.675152 0.000000 2 2 0.10
16.211163 17.704519 0.000000 2 2 0.10
16.236902 17.522903 0.000000 2 2 0.10
16.230830 17.517364 0.000000 2 2 0.10
16.123344 17.457420 0.000000 2 2 0.10
16.114147 17.387986 0.000000 2 2 0.10
16.222655 17.340525 0.000000 2 2 0.10
16.095189 17.475573 0.000000 2 2 0.10
16.039065 17.128472 0.000000 2 2 0.10
16.000032 17.158396 0.000000 2 2 0.10
16.036873 17.058980 0.000000 2 2 0.10
16.000600 17.172671 0.000000 2 2 0.10
16.046022 2.782150 0.000000 2 2 0.10
16.094162 2.827706 0.000000 2 2 0.10
16.018861 2.996594 0.000000 2 2 0.10
16.042123 2.992500 0.000000 2 2 0.10
16.101635 2.548918 0.000000 2 2 0.10
16.112559 2.671224 0.000000 2 2 0.10
16.168197 2.730757 0.000000 2 2 0.10
16.185746 2.688950 0.000000 2 2 0.10
16.007276 2.284657 0.000000 2 2 0.10
16.017737 2.421910 0.000000 2 2 0.10
16.233301 2.341011 0.000000 2 2 0.10
16.089366 2.470097 0.000000 2 2 0.10
16.001905 2.093985 0.000000 2 2 0.10
16.113079 2.157171 0.000000 2 2 0.10
16.193923 2.141319 0.000000 2 2 0.10
16.116512 2.091000 0.000000 2 2 0.10
16.168476 1.783660 0.000000 2 2 0.10
16.194367 1.977929 0.000000 2 2 0.10
16.164245 1.922566 0.000000 2 2 0.10
16.128028 1.925334 0.000000 2 2 0.10
16.048623 1.667810 0.000000 2 2 0.10
16.017172 1.616360 0.000000 2 2 0.10
16.090221 1.582762 0.000000 2 2 0.10
16.029918 1.548503 0.000000 2 2 0.10
16.129996 1.380012 0.000000 2 2 0.10
16.094885 1.288964 0.000000 2 2 0.10
16.076835 1.333026 0.000000 2 2 0.10
16.188325 1.456238 0.000000 2 2 0.10
16.395671 5.080949 0.000000 2 2 0.10
16.322611 5.103184 0.000000 2 2 0.10
16.462311 5.169393 0.000000 2 2 0.10
16.467606 5.205551 0.000000 2 2 0.10
16.285014 4.886465 0.000000 2 2 0.10
16.431485 4.825649 0.000000 2 2 0.10
16.499660 4.831783 0.000000 2 2 0.10
16.429352 4.882262 0.000000 2 2 0.10
16.346906 4.655093 0.000000 2 2 0.10
16.316437 4.602613 0.000000 2 2 0.10
16.458627 4.578226 0.000000 2 2 0.10
16.397793 4.671630 0.000000 2 2 0.10
16.442632 4.332867 0.000000 2 2 0.10
16.472967 4.336513 0.000000 2 2 0.10
16.344014 4.386935 0.000000 2 2 0.10
16.398025 4.263592 0.000000 2 2 0.10
16.456891 4.114606 0.000000 2 2 0.10
16.340209 4.026561 0.000000 2 2 0.10
16.355127 4.239002 0.000000 2 2 0.10
16.411212 4.173010 0.000000 2 2 0.10
16.332717 17.988103 0.000000 2 2 0.10
16.250986 17.770081 0.000000 2 2 0.10
16.410435 17.877610 0.000000 2 2 0.10
16.380704 17.768284 0.000000 2 2 0.10
16.482982 17.601757 0.000000 2 2 0.10
16.311983 17.604370 0.000000 2 2 0.10
16.286416 17.730973 0.000000 2 2 0.10
16.379513 17.547767 0.000000 2 2 0.10
16.317115 17.481982 0.000000 2 2 0.10
16.438608 17.494824 0.000000 2 2 0.10
16.353722 17.334284 0.000000 2 2 0.10
16.252227 17.463569 0.000000 2 2 0.10
16.442760 17.161258 0.000000 2 2 0.10
16.334686 17.084082 0.000000 2 2 0.10
16.258862 17.045006 0.000000 2 2 0.10
16.394011 17.133233 0.000000 2 2 0.10
16.350690 2.977326 0.000000 2 2 0.10
16.284242 2.938120 0.000000 2 2 0.10
16.304503 2.906920 0.000000 2 2 0.10
16.358749 2.989671 0.000000 2 2 0.10
16.362797 2.536947 0.000000 2 2 0.10
16.281984 2.681148 0.000000 2 2 0.10
16.343165 2.640978 0.000000 2 2 0.10
16.420148 2.693420 0.000000 2 2 0.10
16.343291 2.433270 0.000000 2 2 0.10
16.383682 2.476518 0.000000 2 2 0.10
16.455782 2.297480 0.000000 2 2 0.10
16.456442 2.306574 0.000000 2 2 0.10
16.443719 2.108299 0.000000 2 2 0.10
16.332633 2.168196 0.000000 2 2 0.10
16.323501 2.241895 0.000000 2 2 0.10
16.448558 2.243212 0.000000 2 2 0.10
16.327200 1.881389 0.000000 2 2 0.10
16.352003 1.874957 0.000000 2 2 0.10
16.327212 1.911785 0.000000 2 2 0.10
16.407985 1.937991 0.000000 2 2 0.10
16.263229 1.615443 0.000000 2 2 0.10
16.308080 1.643875 0.000000 2 2 0.10
16.294895 1.741037 0.000000 2 2 0.10
16.478067 1.719150 0.000000 2 2 0.10
16.358245 1.376432 0.000000 2 2 0.10
16.258142 1.433875 0.000000 2 2 0.10
16.276197 1.369275 0.000000 2 2 0.10
16.377264 1.478587 0.000000 2 2 0.10
16.553469 5.083499 0.000000 2 2 0.10
16.676457 5.141630 0.000000 2 2 0.10
16.565034 5.225522 0.000000 2 2 0.10
16.723825 5.083177 0.000000 2 2 0.10
16.693205 4.803584 0.000000 2 2 0.10
16.725315 4.826560 0.000000 2 2 0.10
16.709203 4.857372 0.000000 2 2 0.10
16.506726 4.965079 0.000000 2 2 0.10
16.548348 4.608397 0.000000 2 2 0.10
16.560902 4.520249 0.000000 2 2 0.10
16.585491 4.714567 0.000000 2 2 0.10
16.705652 4.620484 0.000000 2 2 0.10
16.664422 4.360028 0.000000 2 2 0.10
16.562484 4.388884 0.000000 2 2 0.10
16.552075 4.380507 0.000000 2 2 0.10
16.645834 4.490686 0.000000 2 2 0.10
16.645452 4.165741 0.000000 2 2 0.10
16.507209 4.140518 0.000000 2 2 0.10
16.602884 4.129923 0.000000 2 2 0.10
16.503150 4.111607 0.000000 2 2 0.10
16.594055 17.988784 0.000000 2 2 0.10
16.690148 17.891193 0.000000 2 2 0.10
16.500387 17.993054 0.000000 2 2 0.10
16.708688 17.915578 0.000000 2 2 0.10
16.676531 17.546634 0.000000 2 2 0.10
16.618247 17.584355 0.000000 2 2 0.10
16.723289 17.586889 0.000000 2 2 0.10
16.716711 17.711591 0.000000 2 2 0.10
16.723532 17.364401 0.000000 2 2 0.10
16.639658 17.326954 0.000000 2 2 0.10
16.724576 17.373513 0.000000 2 2 0.10
16.678398 17.395753 0.000000 2 2 0.10
16.642617 17.077169 0.000000 2 2 0.10
16.629480 17.135743 0.000000 2 2 0.10
16.676077 17.210656 0.000000 2 2 0.10
16.598905 17.247758 0.000000 2 2 0.10
16.647914 2.849138 0.000000 2 2 0.10
16.581644 2.859625 0.000000 2 2 0.10
16.720118 2.777199 0.000000 2 2 0.10
16.542243 2.771812 0.000000 2 2 0.10
16.677684 2.685008 0.000000 2 2 0.10
16.508334 2.559489 0.000000 2 2 0.10
16.720139 2.539972 0.000000 2 2 0.10
16.678016 2.739611 0.000000 2 2 0.10
16.618990 2.499036 0.000000 2 2 0.10
16.716844 2.402094 0.000000 2 2 0.10
16.724909 2.427451 0.000000 2 2 0.10
16.679763 2.345197 0.000000 2 2 0.10
16.650299 2.179782 0.000000 2 2 0.10
16.718457 2.004869 0.000000 2 2 0.10
16.660661 2.138697 0.000000 2 2 0.10
16.670793 2.168341 0.000000 2 2 0.10
16.652174 1.959535 0.000000 2 2 0.10
16.554307 1.985513 0.000000 2 2 0.10
16.534660 1.888246 0.000000 2 2 0.10
16.590816 1.918196 0.000000 2 2 0.10
16.742592 1.523732 0.000000 2 2 0.10
16.504860 1.655612 0.000000 2 2 0.10
16.696963 1.688699 0.000000 2 2 0.10
16.508065 1.570624 0.000000 2 2 0.10
16.638192 1.257821 0.000000 2 2 0.10
16.629671 1.260564 0.000000 2 2 0.10
16.555569 1.350487 0.000000 2 2 0.10
16.528820 1.295142 0.000000 2 2 0.10
16.836182 5.207771 0.000000 2 2 0.10
16.788064 5.179863 0.000000 2 2 0.10
16.865103 5.229933 0.000000 2 2 0.10
16.866038 5.140978 0.000000 2 2 0.10
16.950500 4.838268 0.000000 2 2 0.10
16.908252 4.840231 0.000000 2 2 0.10
16.988410 4.866011 0.000000 2 2 0.10
16.875878 4.958978 0.000000 2 2 0.10
16.994358 4.590467 0.000000 2 2 0.10
16.778029 4.527374 0.000000 2 2 0.10
16.879893 4.611582 0.000000 2 2 0.10
16.831247 4.642537 0.000000 2 2 0.10
16.973792 4.342215 0.000000 2 2 0.10
16.933588 4.284426 0.000000 2 2 0.10
16.998830 4.283531 0.000000 2 2 0.10
16.957344 4.253462 0.000000 2 2 0.10
16.951670 4.190687 0.000000 2 2 0.10
16.905776 4.106350 0.000000 2 2 0.10
16.964059 4.107031 0.000000 2 2 0.10
16.932224 4.046395 0.000000 2 2 0.10
16.945462 17.883479 0.000000 2 2 0.10
16.879323 17.866913 0.000000 2 2 0.10
16.986572 17.981787 0.000000 2 2 0.10
16.868324 17.993841 0.000000 2 2 0.10
16.906660 17.606043 0.000000 2 2 0.10
16.833222 17.593068 0.000000 2 2 0.10
16.908003 17.643261 0.000000 2 2 0.10
16.953915 17.664526 0.000000 2 2 0.10
16.898131 17.406413 0.000000 2 2 0.10
16.871876 17.258865 0.000000 2 2 0.10
16.943315 17.487542 0.000000 2 2 0.10
16.775695 17.499412 0.000000 2 2 0.10
16.771712 17.248816 0.000000 2 2 0.10
16.958792 17.216175 0.000000 2 2 0.10
16.980511 17.189074 0.000000 2 2 0.10
16.767096 17.000452 0.000000 2 2 0.10
16.895616 16.801390 0.000000 2 2 0.10
16.815348 16.756549 0.000000 2 2 0.10
16.822299 16.883675 0.000000 2 2 0.10
16.948596 16.885992 0.000000 2 2 0.10
16.931251 16.589618 0.000000 2 2 0.10
16.855021 16.651994 0.000000 2 2 0.10
16.951036 16.562920 0.000000 2 2 0.10
16.985417 16.586509 0.000000 2 2 0.10
16.884820 16.369736 0.000000 2 2 0.10
16.790498 16.351470 0.000000 2 2 0.10
16.863328 16.441064 0.000000 2 2 0.10
16.892833 16.314903 0.000000 2 2 0.10
16.897927 16.221334 0.000000 2 2 0.10
16.998392 16.053798 0.000000 2 2 0.10
16.755595 16.027158 0.000000 2 2 0.10
16.769766 16.206139 0.000000 2 2 0.10
16.815933 15.869240 0.000000 2 2 0.10
16.750104 15.952965 0.000000 2 2 0.10
16.955878 15.797859 0.000000 2 2 0.10
16.888533 15.871304 0.000000 2 2 0.10
16.990624 15.644710 0.000000 2 2 0.10
16.977398 15.524675 0.000000 2 2 0.10
16.751564 15.671300 0.000000 2 2 0.10
16.779814 15.709917 0.000000 2 2 0.10
16.938534 15.405087 0.000000 2 2 0.10
16.943138 15.441842 0.000000 2 2 0.10
16.772828 15.406802 0.000000 2 2 0.10
16.813950 15.251459 0.000000 2 2 0.10
-448.543671 449.317841 0.000000 1 2 1.000000
-449.861816 400.619263 0.000000 1 2 1.000000
-449.234528 348.595856 0.000000 1 2 1.000000
-449.274017 300.044800 0.000000 1 2 1.000000
-451.289856 249.481689 0.000000 1 2 1.000000
-451.966156 198.358780 0.000000 1 2 1.000000
-451.063782 149.598846 0.000000 1 2 1.000000
-449.291260 98.291672 0.000000 1 2 1.000000
-450.838654 50.600735 0.000000 1 2 1.000000
-448.352081 -0.834250 0.000000 1 2 1.000000
-450.421051 -50.930836 0.000000 1 2 1.000000
-448.427887 -101.687813 0.000000 1 2 1.000000
-450.642426 -149.081055 0.000000 1 2 1.000000
-451.065704 -198.853043 0.000000 1 2 1.000000
-449.898438 -251.382965 0.000000 1 2 1.000000
-451.206390 -299.095398 0.000000 1 2 1.000000
-451.957794 -351.267883 0.000000 1 2 1.000000
-449.928833 -398.335754 0.000000 1 2 1.000000
-399.922791 451.510925 0.000000 1 2 1.000000
-399.044861 398.787689 0.000000 1 2 1.000000
-398.195526 348.552185 0.000000 1 2 1.000000
-401.957550 301.527496 0.000000 1 2 1.000000
-399.784302 248.724365 0.000000 1 2 1.000000
-398.733429 198.299118 0.000000 1 2 1.000000
-398.958588 151.289871 0.000000 1 2 1.000000
-398.870758 99.139557 0.000000 1 2 1.000000
-398.277740 49.624985 0.000000 1 2 1.000000
-400.566345 0.982550 0.000000 1 2 1.000000
-400.989197 -48.895184 0.000000 1 2 1.000000
-400.986847 -101.718147 0.000000 1 2 1.000000
-401.655487 -149.903793 0.000000 1 2 1.000000
-400.811310 -201.225632 0.000000 1 2 1.000000
-401.373718 -248.793289 0.000000 1 2 1.000000
-399.068756 -299.043549 0.000000 1 2 1.000000
-401.381470 -351.405731 0.000000 1 2 1.000000
-400.032104 -398.103577 0.000000 1 2 1.000000
-350.413422 451.811707 0.000000 1 2 1.000000
-348.969879 400.420380 0.000000 1 2 1.000000
-351.055420 349.857513 0.000000 1 2 1.000000
-350.270538 299.677826 0.000000 1 2 1.000000
-349.410339 250.192276 0.000000 1 2 1.000000
-349.425079 198.666458 0.000000 1 2 1.000000
-350.108429 148.579132 0.000000 1 2 1.000000
-350.267731 98.946144 0.000000 1 2 1.000000
-349.858612 50.220547 0.000000 1 2 1.000000
-351.397614 -1.667316 0.000000 1 2 1.000000
-348.177155 -49.637203 0.000000 1 2 1.000000
-350.779266 -99.514603 0.000000 1 2 1.000000
-350.853455 -150.064453 0.000000 1 2 1.000000
-349.010284 -198.842316 0.000000 1 2 1.000000
-348.768982 -250.522324 0.000000 1 2 1.000000
-349.270569 -300.017883 0.000000 1 2 1.000000
-348.148834 -350.549225 0.000000 1 2 1.000000
-348.543945 -401.774475 0.000000 1 2 1.000000
-299.936584 450.749237 0.000000 1 2 1.000000
-301.976288 401.400604 0.000000 1 2 1.000000
-301.925812 350.003052 0.000000 1 2 1.000000
-298.910095 300.861145 0.000000 1 2 1.000000
-300.895233 249.834610 0.000000 1 2 1.000000
-298.754517 201.565414 0.000000 1 2 1.000000
-300.641449 148.130066 0.000000 1 2 1.000000
-299.813843 99.707893 0.000000 1 2 1.000000
-301.085358 48.422302 0.000000 1 2 1.000000
-298.272461 0.289788 0.000000 1 2 1.000000
-301.576294 -50.917515 0.000000 1 2 1.000000
-298.774139 -101.091995 0.000000 1 2 1.000000
-301.197876 -149.308456 0.000000 1 2 1.000000
-301.903595 -201.250290 0.000000 1 2 1.000000
-298.811707 -251.126389 0.000000 1 2 1.000000
-300.512024 -300.583282 0.000000 1 2 1.000000
-301.116669 -351.093811 0.000000 1 2 1.000000
-298.982727 -401.839447 0.000000 1 2 1.000000
-251.951736 449.275940 0.000000 1 2 1.000000
-251.123123 399.468689 0.000000 1 2 1.000000
-248.126129 350.236359 0.000000 1 2 1.000000
-248.366486 298.900848 0.000000 1 2 1.000000
-251.693680 248.004166 0.000000 1 2 1.000000
-250.193939 198.750580 0.000000 1 2 1.000000
-251.849945 150.038971 0.000000 1 2 1.000000
-251.643417 100.492401 0.000000 1 2 1.000000
-250.249420 49.382473 0.000000 1 2 1.000000
-250.406174 0.975995 0.000000 1 2 1.000000
-250.648483 -48.458878 0.000000 1 2 1.000000
-249.760040 -99.864349 0.000000 1 2 1.000000
-251.718674 -148.317062 0.000000 1 2 1.000000
-251.583588 -198.502945 0.000000 1 2 1.000000
-250.917511 -251.867233 0.000000 1 2 1.000000
-251.745499 -298.912872 0.000000 1 2 1.000000
-251.592712 -348.778015 0.000000 1 2 1.000000
-249.202179 -398.260529 0.000000 1 2 1.000000
-198.179047 450.421112 0.000000 1 2 1.000000
-198.027817 398.457855 0.000000 1 2 1.000000
-201.765579 349.330963 0.000000 1 2 1.000000
-199.015198 300.116760 0.000000 1 2 1.000000
-201.954025 248.543625 0.000000 1 2 1.000000
-198.030869 201.214920 0.000000 1 2 1.000000
-199.288727 151.048691 0.000000 1 2 1.000000
-199.301132 100.213295 0.000000 1 2 1.000000
-198.613266 51.325371 0.000000 1 2 1.000000
-199.164307 -0.790497 0.000000 1 2 1.000000
-198.859222 -50.754990 0.000000 1 2 1.000000
-200.955643 -99.077919 0.000000 1 2 1.000000
-198.341415 -148.981979 0.000000 1 2 1.000000
-200.864594 -201.327988 0.000000 1 2 1.000000
-201.425064 -250.646942 0.000000 1 2 1.000000
-201.273621 -301.114960 0.000000 1 2 1.000000
-201.583725 -349.233521 0.000000 1 2 1.000000
-201.658096 -399.312500 0.000000 1 2 1.000000
-149.173981 449.142426 0.000000 1 2 1.000000
-148.696426 400.745056 0.000000 1 2 1.000000
-150.369034 351.798340 0.000000 1 2 1.000000
-151.847809 298.744263 0.000000 1 2 1.000000
-148.473984 251.814911 0.000000 1 2 1.000000
-150.772186 199.705627 0.000000 1 2 1.000000
-151.499268 149.738113 0.000000 1 2 1.000000
-148.925354 101.604965 0.000000 1 2 1.000000
-148.001495 50.838528 0.000000 1 2 1.000000
-151.373779 1.970857 0.000000 1 2 1.000000
-151.047455 -49.346134 0.000000 1 2 1.000000
-151.751801 -99.091690 0.000000 1 2 1.000000
-148.724014 -150.118073 0.000000 1 2 1.000000
-148.515320 -199.894531 0.000000 1 2 1.000000
-148.963364 -248.950897 0.000000 1 2 1.000000
-149.362793 -298.735199 0.000000 1 2 1.000000
-150.207062 -350.927460 0.000000 1 2 1.000000
-149.746964 -401.228943 0.000000 1 2 1.000000
-101.825676 450.364288 0.000000 1 2 1.000000
-100.871849 401.867432 0.000000 1 2 1.000000
-99.119949 348.370453 0.000000 1 2 1.000000
-98.984749 298.821075 0.000000 1 2 1.000000
-99.562187 250.787354 0.000000 1 2 1.000000
-100.393707 201.313126 0.000000 1 2 1.000000
-98.434784 150.258957 0.000000 1 2 1.000000
-101.072136 100.920067 0.000000 1 2 1.000000
-101.700630 48.508434 0.000000 1 2 1.000000
-101.458786 0.333440 0.000000 1 2 1.000000
-100.856880 -50.829487 0.000000 1 2 1.000000
-98.940842 -100.200096 0.000000 1 2 1.000000
-101.744331 -150.303604 0.000000 1 2 1.000000
-99.137222 -199.111160 0.000000 1 2 1.000000
-101.334053 -248.471939 0.000000 1 2 1.000000
-101.857819 -300.498260 0.000000 1 2 1.000000
-98.269623 -349.996063 0.000000 1 2 1.000000
-99.038040 -398.416534 0.000000 1 2 1.000000
-50.803303 449.574860 0.000000 1 2 1.000000
-48.977516 400.525787 0.000000 1 2 1.000000
-49.006348 348.464172 0.000000 1 2 1.000000
-50.236069 298.499664 0.000000 1 2 1.000000
-51.879925 250.273926 0.000000 1 2 1.000000
-49.243950 201.225067 0.000000 1 2 1.000000
-50.615456 150.924667 0.000000 1 2 1.000000
-48.142288 101.372505 0.000000 1 2 1.000000
-50.810757 48.585300 0.000000 1 2 1.000000
-49.980640 0.024137 0.000000 1 2 1.000000
-50.628746 -48.624199 0.000000 1 2 1.000000
-50.151928 -99.990776 0.000000 1 2 1.000000
-50.753876 -148.065247 0.000000 1 2 1.000000
-49.716991 -198.093124 0.000000 1 2 1.000000
-49.044373 -248.362305 0.000000 1 2 1.000000
-49.044640 -298.830139 0.000000 1 2 1.000000
-51.332581 -350.814362 0.000000 1 2 1.000000
-48.350380 -400.159698 0.000000 1 2 1.000000
0.078584 448.869324 0.000000 1 2 1.000000
-0.392972 400.799316 0.000000 1 2 1.000000
1.881515 349.189270 0.000000 1 2 1.000000
0.194406 300.240204 0.000000 1 2 1.000000
-1.547173 249.806076 0.000000 1 2 1.000000
-0.228238 201.964188 0.000000 1 2 1.000000
-1.418229 149.319168 0.000000 1 2 1.000000
1.673037 99.521545 0.000000 1 2 1.000000
-1.727083 51.136353 0.000000 1 2 1.000000
-1.016562 -1.094856 0.000000 1 2 1.000000
0.902354 -49.790478 0.000000 1 2 1.000000
0.020512 -99.167450 0.000000 1 2 1.000000
1.165431 -151.049316 0.000000 1 2 1.000000
-0.089485 -198.014343 0.000000 1 2 1.000000
1.508345 -249.850845 0.000000 1 2 1.000000
-0.796308 -299.954926 0.000000 1 2 1.000000
-0.140785 -349.692413 0.000000 1 2 1.000000
-1.191954 -401.346588 0.000000 1 2 1.000000
48.268433 448.032959 0.000000 1 2 1.000000
50.646633 399.814697 0.000000 1 2 1.000000
50.566429 351.589874 0.000000 1 2 1.000000
51.809872 300.665100 0.000000 1 2 1.000000
51.225517 251.010544 0.000000 1 2 1.000000
49.799080 200.319061 0.000000 1 2 1.000000
48.201580 148.720963 0.000000 1 2 1.000000
50.204277 101.444954 0.000000 1 2 1.000000
49.465488 51.777203 0.000000 1 2 1.000000
51.664101 1.062416 0.000000 1 2 1.000000
51.597858 -49.996529 0.000000 1 2 1.000000
49.885017 -101.423981 0.000000 1 2 1.000000
49.785915 -148.012589 0.000000 1 2 1.000000
48.640549 -199.274521 0.000000 1 2 1.000000
49.768696 -248.684021 0.000000 1 2 1.000000
49.521957 -300.250458 0.000000 1 2 1.000000
50.047615 -349.683716 0.000000 1 2 1.000000
50.373367 -399.411224 0.000000 1 2 1.000000
98.144073 449.100006 0.000000 1 2 1.000000
101.546722 401.023682 0.000000 1 2 1.000000
98.798569 348.125885 0.000000 1 2 1.000000
99.000320 299.444427 0.000000 1 2 1.000000
99.063301 249.211609 0.000000 1 2 1.000000
100.561691 199.520767 0.000000 1 2 1.000000
98.284729 148.490753 0.000000 1 2 1.000000
99.871986 100.718170 0.000000 1 2 1.000000
101.586433 51.428947 0.000000 1 2 1.000000
100.676514 -0.661155 0.000000 1 2 1.000000
98.252563 -51.748299 0.000000 1 2 1.000000
99.792976 -101.823708 0.000000 1 2 1.000000
101.456764 -150.686035 0.000000 1 2 1.000000
98.235298 -201.742264 0.000000 1 2 1.000000
98.221924 -248.061218 0.000000 1 2 1.000000
100.379082 -301.813751 0.000000 1 2 1.000000
98.446831 -348.222992 0.000000 1 2 1.000000
98.197716 -398.032745 0.000000 1 2 1.000000
151.425171 448.339905 0.000000 1 2 1.000000
148.434082 399.276886 0.000000 1 2 1.000000
150.558701 350.215485 0.000000 1 2 1.000000
148.450897 301.209869 0.000000 1 2 1.000000
151.183823 251.450211 0.000000 1 2 1.000000
150.628845 200.808670 0.000000 1 2 1.000000
151.660675 150.053955 0.000000 1 2 1.000000
150.985474 98.554192 0.000000 1 2 1.000000
148.382309 50.810833 0.000000 1 2 1.000000
150.157852 -0.936379 0.000000 1 2 1.000000
148.864990 -48.447948 0.000000 1 2 1.000000
150.733963 -100.552177 0.000000 1 2 1.000000
150.600616 -150.741577 0.000000 1 2 1.000000
148.885010 -200.306778 0.000000 1 2 1.000000
149.674530 -251.602753 0.000000 1 2 1.000000
150.938187 -298.599915 0.000000 1 2 1.000000
148.263138 -351.645142 0.000000 1 2 1.000000
151.369705 -401.370544 0.000000 1 2 1.000000
201.749466 448.844757 0.000000 1 2 1.000000
199.255508 401.663818 0.000000 1 2 1.000000
200.049286 351.632446 0.000000 1 2 1.000000
201.788864 300.107361 0.000000 1 2 1.000000
200.377686 251.188232 0.000000 1 2 1.000000
199.829178 201.275146 0.000000 1 2 1.000000
201.400253 150.929230 0.000000 1 2 1.000000
198.567123 100.776108 0.000000 1 2 1.000000
200.169144 48.441978 0.000000 1 2 1.000000
201.868347 -0.637098 0.000000 1 2 1.000000
199.719650 -50.422821 0.000000 1 2 1.000000
200.247131 -101.052856 0.000000 1 2 1.000000
200.662598 -150.586533 0.000000 1 2 1.000000
199.888779 -201.091354 0.000000 1 2 1.000000
201.655411 -250.090912 0.000000 1 2 1.000000
201.784882 -298.038513 0.000000 1 2 1.000000
198.029556 -351.121460 0.000000 1 2 1.000000
200.753525 -400.066833 0.000000 1 2 1.000000
250.612183 451.389496 0.000000 1 2 1.000000
251.710861 399.400360 0.000000 1 2 1.000000
251.462463 351.318115 0.000000 1 2 1.000000
249.093582 301.171143 0.000000 1 2 1.000000
250.375305 248.142944 0.000000 1 2 1.000000
248.805191 201.652786 0.000000 1 2 1.000000
249.284546 151.911362 0.000000 1 2 1.000000
251.800827 100.331718 0.000000 1 2 1.000000
250.351379 49.443687 0.000000 1 2 1.000000
249.146912 1.409612 0.000000 1 2 1.000000
251.415237 -49.711094 0.000000 1 2 1.000000
248.817810 -101.039543 0.000000 1 2 1.000000
250.787399 -148.187149 0.000000 1 2 1.000000
249.871216 -200.607559 0.000000 1 2 1.000000
248.698166 -250.825256 0.000000 1 2 1.000000
248.502457 -299.595886 0.000000 1 2 1.000000
249.496658 -351.740662 0.000000 1 2 1.000000
249.985794 -400.263733 0.000000 1 2 1.000000
298.889557 451.409668 0.000000 1 2 1.000000
301.340088 401.345856 0.000000 1 2 1.000000
300.086639 350.727325 0.000000 1 2 1.000000
298.602478 298.524750 0.000000 1 2 1.000000
301.931885 249.720047 0.000000 1 2 1.000000
300.348785 201.243408 0.000000 1 2 1.000000
298.874237 150.692963 0.000000 1 2 1.000000
301.754303 99.638771 0.000000 1 2 1.000000
298.089020 50.954998 0.000000 1 2 1.000000
300.633911 -1.500762 0.000000 1 2 1.000000
301.341949 -48.059700 0.000000 1 2 1.000000
300.681732 -99.657433 0.000000 1 2 1.000000
299.915558 -150.911575 0.000000 1 2 1.000000
300.441559 -200.858292 0.000000 1 2 1.000000
298.992310 -248.997757 0.000000 1 2 1.000000
301.124756 -298.946869 0.000000 1 2 1.000000
298.161652 -348.120087 0.000000 1 2 1.000000
298.912384 -400.984406 0.000000 1 2 1.000000
349.814850 451.745331 0.000000 1 2 1.000000
351.794128 401.124603 0.000000 1 2 1.000000
351.305634 349.882324 0.000000 1 2 1.000000
349.985016 298.286072 0.000000 1 2 1.000000
351.731171 250.457901 0.000000 1 2 1.000000
348.490265 200.663147 0.000000 1 2 1.000000
348.001495 150.404526 0.000000 1 2 1.000000
350.246124 100.931793 0.000000 1 2 1.000000
350.715454 48.313042 0.000000 1 2 1.000000
351.245697 -1.663417 0.000000 1 2 1.000000
351.817352 -51.992634 0.000000 1 2 1.000000
351.063538 -98.663574 0.000000 1 2 1.000000
351.053772 -150.719864 0.000000 1 2 1.000000
350.115936 -201.099640 0.000000 1 2 1.000000
351.123535 -250.932892 0.000000 1 2 1.000000
351.572601 -299.808197 0.000000 1 2 1.000000
348.616241 -350.326996 0.000000 1 2 1.000000
349.251740 -398.117828 0.000000 1 2 1.000000
400.103241 450.348022 0.000000 1 2 1.000000
400.684967 401.801178 0.000000 1 2 1.000000
398.741119 350.664948 0.000000 1 2 1.000000
400.014740 301.825928 0.000000 1 2 1.000000
400.042145 250.018005 0.000000 1 2 1.000000
400.884644 199.398285 0.000000 1 2 1.000000
399.348236 151.758774 0.000000 1 2 1.000000
398.180756 101.340080 0.000000 1 2 1.000000
400.395233 51.775639 0.000000 1 2 1.000000
400.653442 -1.019910 0.000000 1 2 1.000000
400.207977 -51.535179 0.000000 1 2 1.000000
398.159546 -101.389938 0.000000 1 2 1.000000
398.334778 -150.966110 0.000000 1 2 1.000000
400.751984 -200.835052 0.000000 1 2 1.000000
398.252106 -248.030762 0.000000 1 2 1.000000
400.601074 -301.183472 0.000000 1 2 1.000000
400.019836 -348.118164 0.000000 1 2 1.000000
398.511902 -400.662170 0.000000 1 2 1.000000
