  0.0   0.0 0.0 1 2 8.0
 -5.0  -5.0 0.0 1 2 4.0
 -5.0   0.0 0.0 1 2 4.0
 -5.0   5.0 0.0 1 2 4.0
  5.0  -5.0 0.0 1 2 2.0
  5.0   0.0 0.0 1 2 2.0
  5.0   5.0 0.0 1 2 2.0
  0.0  -5.0 0.0 1 2 1.0
  0.0   5.0 0.0 1 2 1.0
-10.0 -10.0 0.0 1 2 4.0
  0.0 -10.0 0.0 1 2 4.0
-10.0 -10.0 0.0 1 2 4.0
-10.0  10.0 0.0 1 2 2.0
  0.0  10.0 0.0 1 2 2.0
-10.0  10.0 0.0 1 2 2.0
-10.0   0.0 0.0 1 2 1.0
 10.0   0.0 0.0 1 2 1.0
-15.2 -15.0 0.0 1 2 4.0
-15.2   0.0 0.0 1 2 4.0
-15.2  9.0 0.0 1 2 4.0
 9.2 -15.0 0.0 1 2 2.0
 9.2   0.0 0.0 1 2 2.0
 9.2  15.0 0.0 1 2 2.0
-15.0 -15.2 0.0 1 2 4.0
-15.0   0.2 0.0 1 2 4.0
-15.0  9.2 0.0 1 2 4.0
 9.0 -15.2 0.0 1 2 2.0
 9.0   0.2 0.0 1 2 2.0
 9.0  15.2 0.0 1 2 2.0
-15.4 -15.0 0.0 1 2 4.0
-15.4   0.0 0.0 1 2 4.0
-15.4  9.0 0.0 1 2 4.0
 9.4 -15.0 0.0 1 2 2.0
 9.4   0.0 0.0 1 2 2.0
 9.4  15.0 0.0 1 2 2.0
-15.4 -15.2 0.0 1 2 4.0
-15.4   0.2 0.0 1 2 4.0
-15.4  9.2 0.0 1 2 4.0
 9.4 -15.2 0.0 1 2 2.0
 9.4   0.2 0.0 1 2 2.0
 9.4  15.2 0.0 1 2 2.0
9.184139 13.161862 0.000000 2 2 0.10
9.113429 13.227871 0.000000 2 2 0.10
9.191014 13.193555 0.000000 2 2 0.10
9.096278 13.064187 0.000000 2 2 0.10
9.165685 12.919438 0.000000 2 2 0.10
9.178040 12.863144 0.000000 2 2 0.10
9.045222 12.990370 0.000000 2 2 0.10
9.091387 12.826943 0.000000 2 2 0.10
9.012624 12.620747 0.000000 2 2 0.10
9.023891 12.637125 0.000000 2 2 0.10
9.054259 12.719561 0.000000 2 2 0.10
9.231147 12.534235 0.000000 2 2 0.10
9.218359 12.252996 0.000000 2 2 0.10
9.086343 12.298721 0.000000 2 2 0.10
9.020379 12.313882 0.000000 2 2 0.10
9.218430 12.263383 0.000000 2 2 0.10
9.150635 12.099134 0.000000 2 2 0.10
9.005380 12.095634 0.000000 2 2 0.10
9.000491 12.202808 0.000000 2 2 0.10
9.249980 12.160774 0.000000 2 2 0.10
9.057987 11.931201 0.000000 2 2 0.10
9.135589 11.936419 0.000000 2 2 0.10
9.101912 11.958769 0.000000 2 2 0.10
9.183841 11.795622 0.000000 2 2 0.10
9.078650 11.575911 0.000000 2 2 0.10
9.198617 11.510933 0.000000 2 2 0.10
9.158440 11.528172 0.000000 2 2 0.10
9.055301 11.720716 0.000000 2 2 0.10
9.010445 11.474957 0.000000 2 2 0.10
9.139287 11.479773 0.000000 2 2 0.10
9.160521 11.327958 0.000000 2 2 0.10
9.059104 11.456769 0.000000 2 2 0.10
9.207767 11.104359 0.000000 2 2 0.10
9.116342 11.178245 0.000000 2 2 0.10
9.168986 11.136197 0.000000 2 2 0.10
9.088789 11.173021 0.000000 2 2 0.10
9.108783 2.825099 0.000000 2 2 0.10
9.236478 2.881242 0.000000 2 2 0.10
9.077130 2.844446 0.000000 2 2 0.10
9.201180 2.864937 0.000000 2 2 0.10
9.022975 2.609752 0.000000 2 2 0.10
9.203189 2.684792 0.000000 2 2 0.10
9.034171 2.607156 0.000000 2 2 0.10
9.021834 2.607052 0.000000 2 2 0.10
9.063328 2.283336 0.000000 2 2 0.10
9.231389 2.446102 0.000000 2 2 0.10
9.190050 2.270864 0.000000 2 2 0.10
9.203924 2.392317 0.000000 2 2 0.10
9.105035 2.067803 0.000000 2 2 0.10
9.061970 2.109944 0.000000 2 2 0.10
9.189222 2.230874 0.000000 2 2 0.10
9.139993 2.005924 0.000000 2 2 0.10
9.096275 1.839913 0.000000 2 2 0.10
9.116036 1.952357 0.000000 2 2 0.10
9.130553 1.813752 0.000000 2 2 0.10
9.181582 1.852197 0.000000 2 2 0.10
9.097916 1.548921 0.000000 2 2 0.10
9.084596 1.674116 0.000000 2 2 0.10
9.242367 1.686242 0.000000 2 2 0.10
9.024459 1.513131 0.000000 2 2 0.10
9.148984 1.307671 0.000000 2 2 0.10
9.119142 1.343972 0.000000 2 2 0.10
9.092929 1.498938 0.000000 2 2 0.10
9.066126 1.457894 0.000000 2 2 0.10
9.499690 5.128719 0.000000 2 2 0.10
9.283576 5.118461 0.000000 2 2 0.10
9.359941 5.051801 0.000000 2 2 0.10
9.307724 5.195723 0.000000 2 2 0.10
9.363100 4.919933 0.000000 2 2 0.10
9.343776 4.839935 0.000000 2 2 0.10
9.332385 4.943780 0.000000 2 2 0.10
9.497205 4.863663 0.000000 2 2 0.10
9.368643 4.606733 0.000000 2 2 0.10
9.398783 4.571177 0.000000 2 2 0.10
9.304281 4.608554 0.000000 2 2 0.10
9.484865 4.748384 0.000000 2 2 0.10
9.319312 4.256574 0.000000 2 2 0.10
9.405893 4.266896 0.000000 2 2 0.10
9.327535 4.495105 0.000000 2 2 0.10
9.469188 4.325404 0.000000 2 2 0.10
9.493001 4.151408 0.000000 2 2 0.10
9.412449 4.014195 0.000000 2 2 0.10
9.411127 4.095362 0.000000 2 2 0.10
9.466121 4.145973 0.000000 2 2 0.10
9.440343 11.940070 0.000000 2 2 0.10
9.417805 11.887842 0.000000 2 2 0.10
9.438906 11.907307 0.000000 2 2 0.10
9.274957 11.768382 0.000000 2 2 0.10
9.408097 11.527339 0.000000 2 2 0.10
9.416166 11.743731 0.000000 2 2 0.10
9.321768 11.572819 0.000000 2 2 0.10
9.458821 11.603683 0.000000 2 2 0.10
9.451642 11.332292 0.000000 2 2 0.10
9.354209 11.288742 0.000000 2 2 0.10
9.390000 11.297903 0.000000 2 2 0.10
9.411305 11.496139 0.000000 2 2 0.10
9.478102 11.041300 0.000000 2 2 0.10
9.291332 11.021705 0.000000 2 2 0.10
9.370731 11.142446 0.000000 2 2 0.10
9.411337 11.098201 0.000000 2 2 0.10
9.297444 2.919662 0.000000 2 2 0.10
9.327173 2.999013 0.000000 2 2 0.10
9.358231 2.949275 0.000000 2 2 0.10
9.254416 2.936963 0.000000 2 2 0.10
9.351312 2.626098 0.000000 2 2 0.10
9.431697 2.615174 0.000000 2 2 0.10
9.311327 2.654166 0.000000 2 2 0.10
9.458860 2.702097 0.000000 2 2 0.10
9.332301 2.307285 0.000000 2 2 0.10
9.416555 2.472488 0.000000 2 2 0.10
9.431277 2.416432 0.000000 2 2 0.10
9.476698 2.479829 0.000000 2 2 0.10
9.314606 2.139559 0.000000 2 2 0.10
9.349257 2.008278 0.000000 2 2 0.10
9.272227 2.237132 0.000000 2 2 0.10
9.477770 2.132580 0.000000 2 2 0.10
9.401629 1.863478 0.000000 2 2 0.10
9.422145 1.889279 0.000000 2 2 0.10
9.405152 1.803839 0.000000 2 2 0.10
9.256231 1.957611 0.000000 2 2 0.10
9.344112 1.578703 0.000000 2 2 0.10
9.257814 1.686861 0.000000 2 2 0.10
9.380188 1.510882 0.000000 2 2 0.10
9.465330 1.683625 0.000000 2 2 0.10
9.499817 1.430097 0.000000 2 2 0.10
9.260421 1.271624 0.000000 2 2 0.10
9.325907 1.387534 0.000000 2 2 0.10
9.287702 1.493106 0.000000 2 2 0.10
9.727771 5.218959 0.000000 2 2 0.10
9.526565 5.236958 0.000000 2 2 0.10
9.587239 5.015002 0.000000 2 2 0.10
9.559490 5.063702 0.000000 2 2 0.10
9.537256 4.864925 0.000000 2 2 0.10
9.521970 4.796234 0.000000 2 2 0.10
9.520308 4.765856 0.000000 2 2 0.10
9.687338 4.930076 0.000000 2 2 0.10
9.628541 4.611952 0.000000 2 2 0.10
9.689160 4.649250 0.000000 2 2 0.10
9.647617 4.592247 0.000000 2 2 0.10
9.594380 4.614813 0.000000 2 2 0.10
9.737977 4.488510 0.000000 2 2 0.10
9.582260 4.414257 0.000000 2 2 0.10
9.733077 4.462794 0.000000 2 2 0.10
9.577016 4.477106 0.000000 2 2 0.10
9.556436 4.187303 0.000000 2 2 0.10
9.651808 4.091406 0.000000 2 2 0.10
9.564358 4.102822 0.000000 2 2 0.10
9.684442 4.215682 0.000000 2 2 0.10
9.713481 11.850566 0.000000 2 2 0.10
9.682369 11.855376 0.000000 2 2 0.10
9.529774 11.800015 0.000000 2 2 0.10
9.709751 11.760150 0.000000 2 2 0.10
9.564223 11.658354 0.000000 2 2 0.10
9.675943 11.541709 0.000000 2 2 0.10
9.656742 11.672483 0.000000 2 2 0.10
9.506203 11.593079 0.000000 2 2 0.10
9.538428 11.459060 0.000000 2 2 0.10
9.649462 11.452271 0.000000 2 2 0.10
9.673739 11.362818 0.000000 2 2 0.10
9.709337 11.357295 0.000000 2 2 0.10
9.635079 11.048467 0.000000 2 2 0.10
9.716893 11.003493 0.000000 2 2 0.10
9.585129 11.068575 0.000000 2 2 0.10
9.724139 11.148990 0.000000 2 2 0.10
9.734190 2.816008 0.000000 2 2 0.10
9.569998 2.975129 0.000000 2 2 0.10
9.637885 2.751644 0.000000 2 2 0.10
9.686656 2.909040 0.000000 2 2 0.10
9.722906 2.699820 0.000000 2 2 0.10
9.655863 2.539785 0.000000 2 2 0.10
9.679717 2.615029 0.000000 2 2 0.10
9.630069 2.512293 0.000000 2 2 0.10
9.543728 2.341398 0.000000 2 2 0.10
9.591019 2.428318 0.000000 2 2 0.10
9.731238 2.371531 0.000000 2 2 0.10
9.730871 2.250941 0.000000 2 2 0.10
9.691596 2.243009 0.000000 2 2 0.10
9.707690 2.207877 0.000000 2 2 0.10
9.688196 2.237916 0.000000 2 2 0.10
9.681174 2.243574 0.000000 2 2 0.10
9.670071 1.994511 0.000000 2 2 0.10
9.517211 1.999234 0.000000 2 2 0.10
9.575213 1.753459 0.000000 2 2 0.10
9.519764 1.780948 0.000000 2 2 0.10
9.522376 1.631869 0.000000 2 2 0.10
9.739836 1.617839 0.000000 2 2 0.10
9.635237 1.591857 0.000000 2 2 0.10
9.547290 1.559532 0.000000 2 2 0.10
9.596279 1.279405 0.000000 2 2 0.10
9.635126 1.438621 0.000000 2 2 0.10
9.588001 1.443378 0.000000 2 2 0.10
9.726298 1.431289 0.000000 2 2 0.10
9.773742 5.166184 0.000000 2 2 0.10
9.916755 5.116674 0.000000 2 2 0.10
9.926549 5.106794 0.000000 2 2 0.10
9.788108 5.225855 0.000000 2 2 0.10
9.873148 4.843872 0.000000 2 2 0.10
9.818476 4.917935 0.000000 2 2 0.10
9.802249 4.806380 0.000000 2 2 0.10
9.969779 4.914111 0.000000 2 2 0.10
9.757398 4.670793 0.000000 2 2 0.10
9.937028 4.561739 0.000000 2 2 0.10
9.984744 4.630347 0.000000 2 2 0.10
9.792545 4.507444 0.000000 2 2 0.10
9.791966 4.254325 0.000000 2 2 0.10
9.975497 4.316310 0.000000 2 2 0.10
9.784448 4.451946 0.000000 2 2 0.10
9.917129 4.388197 0.000000 2 2 0.10
9.790087 4.055906 0.000000 2 2 0.10
9.752034 4.163392 0.000000 2 2 0.10
9.881877 4.189861 0.000000 2 2 0.10
9.968839 4.212713 0.000000 2 2 0.10
9.973189 11.822856 0.000000 2 2 0.10
9.841966 11.933556 0.000000 2 2 0.10
9.839008 11.827488 0.000000 2 2 0.10
9.988290 11.881807 0.000000 2 2 0.10
9.854905 11.713642 0.000000 2 2 0.10
9.870220 11.658527 0.000000 2 2 0.10
9.939541 11.650252 0.000000 2 2 0.10
9.937266 11.619344 0.000000 2 2 0.10
9.792534 11.347697 0.000000 2 2 0.10
9.797252 11.328072 0.000000 2 2 0.10
9.879661 11.407584 0.000000 2 2 0.10
9.886168 11.315838 0.000000 2 2 0.10
9.941781 11.082648 0.000000 2 2 0.10
9.859562 11.031535 0.000000 2 2 0.10
9.839497 11.048540 0.000000 2 2 0.10
9.820155 11.037196 0.000000 2 2 0.10
9.856236 2.754860 0.000000 2 2 0.10
9.847584 2.905945 0.000000 2 2 0.10
9.752028 2.756175 0.000000 2 2 0.10
9.805503 2.839979 0.000000 2 2 0.10
9.788537 2.560978 0.000000 2 2 0.10
9.962262 2.695656 0.000000 2 2 0.10
9.982927 2.630593 0.000000 2 2 0.10
9.784200 2.503726 0.000000 2 2 0.10
9.933339 2.461771 0.000000 2 2 0.10
9.948852 2.330393 0.000000 2 2 0.10
9.898381 2.349632 0.000000 2 2 0.10
9.992845 2.289799 0.000000 2 2 0.10
9.958206 2.089179 0.000000 2 2 0.10
9.764932 2.224189 0.000000 2 2 0.10
9.802610 2.233696 0.000000 2 2 0.10
9.765515 2.128429 0.000000 2 2 0.10
9.923661 1.762234 0.000000 2 2 0.10
9.906294 1.791458 0.000000 2 2 0.10
9.841131 1.936337 0.000000 2 2 0.10
9.851996 1.771034 0.000000 2 2 0.10
9.954765 1.727422 0.000000 2 2 0.10
9.775601 1.683501 0.000000 2 2 0.10
9.879605 1.544232 0.000000 2 2 0.10
9.788217 1.708293 0.000000 2 2 0.10
9.756437 1.292233 0.000000 2 2 0.10
9.807250 1.345266 0.000000 2 2 0.10
9.932953 1.376340 0.000000 2 2 0.10
9.787087 1.325936 0.000000 2 2 0.10
10.206200 5.019706 0.000000 2 2 0.10
10.009064 5.125871 0.000000 2 2 0.10
10.193525 5.060935 0.000000 2 2 0.10
10.234151 5.107386 0.000000 2 2 0.10
10.046355 4.993205 0.000000 2 2 0.10
10.045729 4.806261 0.000000 2 2 0.10
10.092328 4.811295 0.000000 2 2 0.10
10.191298 4.881827 0.000000 2 2 0.10
10.001646 4.546295 0.000000 2 2 0.10
10.070478 4.618955 0.000000 2 2 0.10
10.106896 4.620144 0.000000 2 2 0.10
10.000283 4.633323 0.000000 2 2 0.10
10.182999 4.468288 0.000000 2 2 0.10
10.188486 4.412059 0.000000 2 2 0.10
10.204716 4.352897 0.000000 2 2 0.10
10.093641 4.266194 0.000000 2 2 0.10
10.232378 4.146853 0.000000 2 2 0.10
10.028037 4.095132 0.000000 2 2 0.10
10.154871 4.236656 0.000000 2 2 0.10
10.019048 4.141644 0.000000 2 2 0.10
10.231967 11.822760 0.000000 2 2 0.10
10.198181 11.897958 0.000000 2 2 0.10
10.116668 11.978649 0.000000 2 2 0.10
10.079174 11.965311 0.000000 2 2 0.10
10.229744 11.587581 0.000000 2 2 0.10
10.203371 11.544932 0.000000 2 2 0.10
10.186457 11.695685 0.000000 2 2 0.10
10.035371 11.624254 0.000000 2 2 0.10
10.168995 11.315078 0.000000 2 2 0.10
10.095519 11.320142 0.000000 2 2 0.10
10.058393 11.260253 0.000000 2 2 0.10
10.093105 11.266848 0.000000 2 2 0.10
10.247352 11.009706 0.000000 2 2 0.10
10.022422 11.193567 0.000000 2 2 0.10
10.012745 11.236437 0.000000 2 2 0.10
10.199516 11.212252 0.000000 2 2 0.10
10.153662 2.791644 0.000000 2 2 0.10
10.216141 2.965483 0.000000 2 2 0.10
10.054824 2.854215 0.000000 2 2 0.10
10.213559 2.847006 0.000000 2 2 0.10
10.038636 2.744947 0.000000 2 2 0.10
10.182497 2.588356 0.000000 2 2 0.10
10.068102 2.579596 0.000000 2 2 0.10
10.191427 2.618928 0.000000 2 2 0.10
10.008576 2.482045 0.000000 2 2 0.10
10.242276 2.317977 0.000000 2 2 0.10
10.041593 2.461479 0.000000 2 2 0.10
10.002501 2.485139 0.000000 2 2 0.10
10.090259 2.106982 0.000000 2 2 0.10
10.215020 2.107923 0.000000 2 2 0.10
10.165789 2.213644 0.000000 2 2 0.10
10.080349 2.194316 0.000000 2 2 0.10
10.220773 1.845602 0.000000 2 2 0.10
10.131178 1.934153 0.000000 2 2 0.10
10.099944 1.879687 0.000000 2 2 0.10
10.022997 1.751731 0.000000 2 2 0.10
10.017485 1.649808 0.000000 2 2 0.10
10.167163 1.717794 0.000000 2 2 0.10
10.184716 1.665077 0.000000 2 2 0.10
10.124087 1.511481 0.000000 2 2 0.10
10.123313 1.418690 0.000000 2 2 0.10
10.025484 1.440104 0.000000 2 2 0.10
10.086386 1.251158 0.000000 2 2 0.10
10.215145 1.438140 0.000000 2 2 0.10
10.470783 5.007304 0.000000 2 2 0.10
10.444200 5.234731 0.000000 2 2 0.10
10.275663 5.127043 0.000000 2 2 0.10
10.257728 5.238025 0.000000 2 2 0.10
10.303753 4.823221 0.000000 2 2 0.10
10.382455 4.832344 0.000000 2 2 0.10
10.424226 4.934873 0.000000 2 2 0.10
10.458417 4.997943 0.000000 2 2 0.10
10.353216 4.669644 0.000000 2 2 0.10
10.391529 4.664407 0.000000 2 2 0.10
10.431596 4.561294 0.000000 2 2 0.10
10.325359 4.653941 0.000000 2 2 0.10
10.400942 4.277153 0.000000 2 2 0.10
10.442804 4.433897 0.000000 2 2 0.10
10.303480 4.447930 0.000000 2 2 0.10
10.266493 4.457804 0.000000 2 2 0.10
10.391508 4.009395 0.000000 2 2 0.10
10.413628 4.167732 0.000000 2 2 0.10
10.296182 4.130468 0.000000 2 2 0.10
10.362145 4.208563 0.000000 2 2 0.10
10.340171 11.976763 0.000000 2 2 0.10
10.257465 11.841646 0.000000 2 2 0.10
10.483454 11.919357 0.000000 2 2 0.10
10.260047 11.756872 0.000000 2 2 0.10
10.295588 11.572999 0.000000 2 2 0.10
10.266466 11.578233 0.000000 2 2 0.10
10.273236 11.589782 0.000000 2 2 0.10
10.399564 11.681758 0.000000 2 2 0.10
10.255828 11.365480 0.000000 2 2 0.10
10.317224 11.374831 0.000000 2 2 0.10
10.288083 11.353298 0.000000 2 2 0.10
10.493787 11.343321 0.000000 2 2 0.10
10.325258 11.223343 0.000000 2 2 0.10
10.366570 11.227848 0.000000 2 2 0.10
10.282202 11.156832 0.000000 2 2 0.10
10.382941 11.228662 0.000000 2 2 0.10
10.375067 2.868953 0.000000 2 2 0.10
10.404474 2.933996 0.000000 2 2 0.10
10.382646 2.922513 0.000000 2 2 0.10
10.394615 2.952388 0.000000 2 2 0.10
10.309740 2.617576 0.000000 2 2 0.10
10.489805 2.742665 0.000000 2 2 0.10
10.460800 2.598539 0.000000 2 2 0.10
10.460553 2.676529 0.000000 2 2 0.10
10.450210 2.383521 0.000000 2 2 0.10
10.496845 2.338469 0.000000 2 2 0.10
10.424882 2.464736 0.000000 2 2 0.10
10.495432 2.336509 0.000000 2 2 0.10
10.422999 2.108233 0.000000 2 2 0.10
10.361325 2.209425 0.000000 2 2 0.10
10.293759 2.051000 0.000000 2 2 0.10
10.292433 2.032721 0.000000 2 2 0.10
10.392709 1.874342 0.000000 2 2 0.10
10.296450 1.942831 0.000000 2 2 0.10
10.399250 1.911022 0.000000 2 2 0.10
10.366002 1.961351 0.000000 2 2 0.10
10.455208 1.669913 0.000000 2 2 0.10
10.484543 1.532258 0.000000 2 2 0.10
10.478454 1.524155 0.000000 2 2 0.10
10.333097 1.594603 0.000000 2 2 0.10
10.485842 1.311709 0.000000 2 2 0.10
10.332234 1.379414 0.000000 2 2 0.10
10.308043 1.490083 0.000000 2 2 0.10
10.496041 1.428351 0.000000 2 2 0.10
10.742973 5.201296 0.000000 2 2 0.10
10.502539 5.155950 0.000000 2 2 0.10
10.597888 5.195479 0.000000 2 2 0.10
10.636252 5.008243 0.000000 2 2 0.10
10.572477 4.785832 0.000000 2 2 0.10
10.606021 4.929871 0.000000 2 2 0.10
10.672241 4.869874 0.000000 2 2 0.10
10.548778 4.841086 0.000000 2 2 0.10
10.732621 4.687249 0.000000 2 2 0.10
10.707779 4.621359 0.000000 2 2 0.10
10.723509 4.500858 0.000000 2 2 0.10
10.695075 4.671982 0.000000 2 2 0.10
10.697134 4.280334 0.000000 2 2 0.10
10.521339 4.431179 0.000000 2 2 0.10
10.657896 4.405788 0.000000 2 2 0.10
10.689197 4.406326 0.000000 2 2 0.10
10.711892 4.165327 0.000000 2 2 0.10
10.545696 4.140947 0.000000 2 2 0.10
10.610094 4.176471 0.000000 2 2 0.10
10.519512 4.037585 0.000000 2 2 0.10
10.709214 11.762757 0.000000 2 2 0.10
10.594786 11.802658 0.000000 2 2 0.10
10.739510 11.754205 0.000000 2 2 0.10
10.615229 11.766012 0.000000 2 2 0.10
10.514464 11.642653 0.000000 2 2 0.10
10.666202 11.564167 0.000000 2 2 0.10
10.584034 11.717081 0.000000 2 2 0.10
10.651956 11.516163 0.000000 2 2 0.10
10.713094 11.490087 0.000000 2 2 0.10
10.720948 11.253064 0.000000 2 2 0.10
10.700680 11.340680 0.000000 2 2 0.10
10.568871 11.423233 0.000000 2 2 0.10
10.685889 11.184982 0.000000 2 2 0.10
10.629521 11.230291 0.000000 2 2 0.10
10.595084 11.134023 0.000000 2 2 0.10
10.706250 11.109501 0.000000 2 2 0.10
10.683834 2.843958 0.000000 2 2 0.10
10.551196 2.939885 0.000000 2 2 0.10
10.522429 2.950384 0.000000 2 2 0.10
10.706897 2.911041 0.000000 2 2 0.10
10.749615 2.720714 0.000000 2 2 0.10
10.717735 2.626738 0.000000 2 2 0.10
10.728824 2.534054 0.000000 2 2 0.10
10.558344 2.742238 0.000000 2 2 0.10
10.640666 2.270700 0.000000 2 2 0.10
10.509021 2.483202 0.000000 2 2 0.10
10.703815 2.396103 0.000000 2 2 0.10
10.744473 2.309662 0.000000 2 2 0.10
10.583564 2.142879 0.000000 2 2 0.10
10.634942 2.022318 0.000000 2 2 0.10
10.611159 2.031142 0.000000 2 2 0.10
10.721527 2.035751 0.000000 2 2 0.10
10.691288 1.793275 0.000000 2 2 0.10
10.612447 1.823019 0.000000 2 2 0.10
10.656337 1.870742 0.000000 2 2 0.10
10.677182 1.963178 0.000000 2 2 0.10
10.523110 1.594990 0.000000 2 2 0.10
10.707094 1.743108 0.000000 2 2 0.10
10.554875 1.624571 0.000000 2 2 0.10
10.698137 1.736401 0.000000 2 2 0.10
10.657724 1.479712 0.000000 2 2 0.10
10.516841 1.274710 0.000000 2 2 0.10
10.531689 1.454835 0.000000 2 2 0.10
10.589303 1.340933 0.000000 2 2 0.10
10.912775 5.164370 0.000000 2 2 0.10
10.787732 5.001129 0.000000 2 2 0.10
10.970486 5.203942 0.000000 2 2 0.10
10.940804 5.137319 0.000000 2 2 0.10
10.901719 4.832045 0.000000 2 2 0.10
10.836762 4.877198 0.000000 2 2 0.10
10.971242 4.767197 0.000000 2 2 0.10
10.796048 4.787852 0.000000 2 2 0.10
10.953815 4.579168 0.000000 2 2 0.10
10.919231 4.524866 0.000000 2 2 0.10
10.842076 4.705270 0.000000 2 2 0.10
10.791370 4.735725 0.000000 2 2 0.10
10.819161 4.293900 0.000000 2 2 0.10
10.801765 4.262277 0.000000 2 2 0.10
10.984359 4.337896 0.000000 2 2 0.10
10.883080 4.343214 0.000000 2 2 0.10
10.853331 4.193788 0.000000 2 2 0.10
10.899318 4.191695 0.000000 2 2 0.10
10.981201 4.179429 0.000000 2 2 0.10
10.841837 4.028487 0.000000 2 2 0.10
10.848825 11.752077 0.000000 2 2 0.10
10.959459 11.762929 0.000000 2 2 0.10
10.834284 11.824463 0.000000 2 2 0.10
10.978903 11.821138 0.000000 2 2 0.10
10.864961 11.604993 0.000000 2 2 0.10
10.836775 11.504272 0.000000 2 2 0.10
10.930757 11.583604 0.000000 2 2 0.10
10.980721 11.662098 0.000000 2 2 0.10
10.883790 11.470061 0.000000 2 2 0.10
10.995113 11.278332 0.000000 2 2 0.10
10.789495 11.294767 0.000000 2 2 0.10
10.777692 11.352243 0.000000 2 2 0.10
10.925560 11.181108 0.000000 2 2 0.10
10.905630 11.238871 0.000000 2 2 0.10
10.767710 11.138813 0.000000 2 2 0.10
10.946728 11.074567 0.000000 2 2 0.10
10.887290 2.753870 0.000000 2 2 0.10
10.973792 2.935235 0.000000 2 2 0.10
10.833295 2.756414 0.000000 2 2 0.10
10.791547 2.927953 0.000000 2 2 0.10
10.819252 2.589391 0.000000 2 2 0.10
10.882369 2.746190 0.000000 2 2 0.10
10.890934 2.514837 0.000000 2 2 0.10
10.938079 2.528019 0.000000 2 2 0.10
10.817354 2.308843 0.000000 2 2 0.10
10.904585 2.476938 0.000000 2 2 0.10
10.816022 2.489600 0.000000 2 2 0.10
10.857931 2.464420 0.000000 2 2 0.10
10.986951 2.134240 0.000000 2 2 0.10
10.914715 2.021856 0.000000 2 2 0.10
10.924579 2.180621 0.000000 2 2 0.10
10.773796 2.187119 0.000000 2 2 0.10
10.769381 1.889297 0.000000 2 2 0.10
10.919296 1.798289 0.000000 2 2 0.10
10.844754 1.824438 0.000000 2 2 0.10
10.949467 1.882929 0.000000 2 2 0.10
10.969481 1.537809 0.000000 2 2 0.10
10.891121 1.585765 0.000000 2 2 0.10
10.956244 1.554572 0.000000 2 2 0.10
10.876793 1.515643 0.000000 2 2 0.10
10.960696 1.293420 0.000000 2 2 0.10
10.926658 1.294516 0.000000 2 2 0.10
10.921407 1.306836 0.000000 2 2 0.10
10.827726 1.275633 0.000000 2 2 0.10
11.214333 5.140950 0.000000 2 2 0.10
11.061384 5.036978 0.000000 2 2 0.10
11.106758 5.223188 0.000000 2 2 0.10
11.092160 5.057396 0.000000 2 2 0.10
11.162920 4.824139 0.000000 2 2 0.10
11.181067 4.824743 0.000000 2 2 0.10
11.076867 4.753573 0.000000 2 2 0.10
11.165669 4.852726 0.000000 2 2 0.10
11.145228 4.678970 0.000000 2 2 0.10
11.027262 4.724721 0.000000 2 2 0.10
11.202337 4.560089 0.000000 2 2 0.10
11.069895 4.624929 0.000000 2 2 0.10
11.221679 4.457914 0.000000 2 2 0.10
11.248962 4.496846 0.000000 2 2 0.10
11.067332 4.435045 0.000000 2 2 0.10
11.186207 4.366124 0.000000 2 2 0.10
11.018371 4.198791 0.000000 2 2 0.10
11.019784 4.065442 0.000000 2 2 0.10
11.169685 4.139406 0.000000 2 2 0.10
11.084369 4.200620 0.000000 2 2 0.10
11.233861 11.762003 0.000000 2 2 0.10
11.157363 11.855530 0.000000 2 2 0.10
11.026277 11.814348 0.000000 2 2 0.10
11.035723 11.996491 0.000000 2 2 0.10
11.029565 11.611869 0.000000 2 2 0.10
11.223077 11.596890 0.000000 2 2 0.10
11.012463 11.579440 0.000000 2 2 0.10
11.227322 11.628796 0.000000 2 2 0.10
11.013478 11.443579 0.000000 2 2 0.10
11.070512 11.465903 0.000000 2 2 0.10
11.002343 11.387192 0.000000 2 2 0.10
11.033295 11.254044 0.000000 2 2 0.10
11.059311 11.067186 0.000000 2 2 0.10
11.091931 11.131808 0.000000 2 2 0.10
11.092681 11.018892 0.000000 2 2 0.10
11.240382 11.149553 0.000000 2 2 0.10
11.051285 2.841896 0.000000 2 2 0.10
11.169210 2.761922 0.000000 2 2 0.10
11.036138 2.849689 0.000000 2 2 0.10
11.068915 2.753162 0.000000 2 2 0.10
11.161265 2.528809 0.000000 2 2 0.10
11.232467 2.520983 0.000000 2 2 0.10
11.115115 2.580413 0.000000 2 2 0.10
11.113122 2.669296 0.000000 2 2 0.10
11.058984 2.489310 0.000000 2 2 0.10
11.013845 2.408744 0.000000 2 2 0.10
11.061691 2.380829 0.000000 2 2 0.10
11.157941 2.332756 0.000000 2 2 0.10
11.173530 2.002705 0.000000 2 2 0.10
11.006812 2.160531 0.000000 2 2 0.10
11.131975 2.117163 0.000000 2 2 0.10
11.137433 2.243156 0.000000 2 2 0.10
11.158475 1.876491 0.000000 2 2 0.10
11.200604 1.844779 0.000000 2 2 0.10
11.107602 1.822877 0.000000 2 2 0.10
11.052079 1.818709 0.000000 2 2 0.10
11.018663 1.553869 0.000000 2 2 0.10
11.004390 1.613475 0.000000 2 2 0.10
11.029922 1.704014 0.000000 2 2 0.10
11.139490 1.666481 0.000000 2 2 0.10
11.135541 1.268116 0.000000 2 2 0.10
11.127314 1.354443 0.000000 2 2 0.10
11.248030 1.254770 0.000000 2 2 0.10
11.228887 1.259983 0.000000 2 2 0.10
11.347442 5.174244 0.000000 2 2 0.10
11.445259 5.178444 0.000000 2 2 0.10
11.401071 5.025967 0.000000 2 2 0.10
11.347519 5.220918 0.000000 2 2 0.10
11.315295 4.907115 0.000000 2 2 0.10
11.259319 4.963223 0.000000 2 2 0.10
11.252224 4.778057 0.000000 2 2 0.10
11.337159 4.822602 0.000000 2 2 0.10
11.351426 4.721011 0.000000 2 2 0.10
11.467414 4.592181 0.000000 2 2 0.10
11.458543 4.590414 0.000000 2 2 0.10
11.446020 4.681558 0.000000 2 2 0.10
11.378606 4.275939 0.000000 2 2 0.10
11.413752 4.300597 0.000000 2 2 0.10
11.383929 4.305521 0.000000 2 2 0.10
11.261578 4.457454 0.000000 2 2 0.10
11.289190 4.045980 0.000000 2 2 0.10
11.332106 4.231554 0.000000 2 2 0.10
11.252189 4.147509 0.000000 2 2 0.10
11.285926 4.099057 0.000000 2 2 0.10
11.364987 11.842900 0.000000 2 2 0.10
11.487162 11.929165 0.000000 2 2 0.10
11.474645 11.894338 0.000000 2 2 0.10
11.392981 11.972748 0.000000 2 2 0.10
11.264868 11.648337 0.000000 2 2 0.10
11.344882 11.601500 0.000000 2 2 0.10
11.309327 11.685497 0.000000 2 2 0.10
11.425660 11.646390 0.000000 2 2 0.10
11.344168 11.263688 0.000000 2 2 0.10
11.414258 11.303305 0.000000 2 2 0.10
11.334017 11.270326 0.000000 2 2 0.10
11.388257 11.259358 0.000000 2 2 0.10
11.458357 11.133432 0.000000 2 2 0.10
11.321911 11.118706 0.000000 2 2 0.10
11.361825 11.158212 0.000000 2 2 0.10
11.342645 11.043513 0.000000 2 2 0.10
11.436331 2.916137 0.000000 2 2 0.10
11.403016 2.965962 0.000000 2 2 0.10
11.345502 2.795503 0.000000 2 2 0.10
11.281854 2.791594 0.000000 2 2 0.10
11.286634 2.635021 0.000000 2 2 0.10
11.315522 2.554071 0.000000 2 2 0.10
11.456746 2.740683 0.000000 2 2 0.10
11.382907 2.655363 0.000000 2 2 0.10
11.273942 2.432271 0.000000 2 2 0.10
11.398631 2.393216 0.000000 2 2 0.10
11.292724 2.315302 0.000000 2 2 0.10
11.467575 2.353500 0.000000 2 2 0.10
11.329725 2.202457 0.000000 2 2 0.10
11.337264 2.204668 0.000000 2 2 0.10
11.312516 2.102176 0.000000 2 2 0.10
11.379462 2.123391 0.000000 2 2 0.10
11.320627 1.836404 0.000000 2 2 0.10
11.306388 1.772595 0.000000 2 2 0.10
11.497927 1.873172 0.000000 2 2 0.10
11.404710 1.869535 0.000000 2 2 0.10
11.451628 1.540996 0.000000 2 2 0.10
11.483659 1.673171 0.000000 2 2 0.10
11.330219 1.639825 0.000000 2 2 0.10
11.395969 1.660745 0.000000 2 2 0.10
11.396993 1.373643 0.000000 2 2 0.10
11.343926 1.349572 0.000000 2 2 0.10
11.402209 1.417082 0.000000 2 2 0.10
11.450065 1.461653 0.000000 2 2 0.10
11.715172 5.090955 0.000000 2 2 0.10
11.563890 5.167300 0.000000 2 2 0.10
11.555673 5.014411 0.000000 2 2 0.10
11.613714 5.163968 0.000000 2 2 0.10
11.705369 4.792022 0.000000 2 2 0.10
11.666981 4.940943 0.000000 2 2 0.10
11.733724 4.817609 0.000000 2 2 0.10
11.670989 4.999071 0.000000 2 2 0.10
11.742082 4.512729 0.000000 2 2 0.10
11.650701 4.644050 0.000000 2 2 0.10
11.540739 4.638079 0.000000 2 2 0.10
11.742430 4.647925 0.000000 2 2 0.10
11.526934 4.402524 0.000000 2 2 0.10
11.507268 4.466806 0.000000 2 2 0.10
11.700104 4.337330 0.000000 2 2 0.10
11.545488 4.304750 0.000000 2 2 0.10
11.576550 4.090083 0.000000 2 2 0.10
11.729218 4.125728 0.000000 2 2 0.10
11.518961 4.144730 0.000000 2 2 0.10
11.701656 4.242526 0.000000 2 2 0.10
11.581220 11.938931 0.000000 2 2 0.10
11.748079 11.834476 0.000000 2 2 0.10
11.589724 11.807933 0.000000 2 2 0.10
11.598907 11.835922 0.000000 2 2 0.10
11.639990 11.570772 0.000000 2 2 0.10
11.538946 11.542702 0.000000 2 2 0.10
11.629453 11.533969 0.000000 2 2 0.10
11.626501 11.514577 0.000000 2 2 0.10
11.550180 11.403065 0.000000 2 2 0.10
11.670132 11.336215 0.000000 2 2 0.10
11.745541 11.285585 0.000000 2 2 0.10
11.716477 11.411027 0.000000 2 2 0.10
11.735001 11.153269 0.000000 2 2 0.10
11.601068 11.194684 0.000000 2 2 0.10
11.600497 11.080944 0.000000 2 2 0.10
11.717806 11.220354 0.000000 2 2 0.10
11.709198 2.856904 0.000000 2 2 0.10
11.590565 2.985840 0.000000 2 2 0.10
11.679281 2.922119 0.000000 2 2 0.10
11.627028 2.861679 0.000000 2 2 0.10
11.580091 2.729129 0.000000 2 2 0.10
11.618078 2.568028 0.000000 2 2 0.10
11.598115 2.656527 0.000000 2 2 0.10
11.505078 2.626026 0.000000 2 2 0.10
11.734792 2.372072 0.000000 2 2 0.10
11.626694 2.321507 0.000000 2 2 0.10
11.548468 2.345152 0.000000 2 2 0.10
11.500002 2.392493 0.000000 2 2 0.10
11.736310 2.157688 0.000000 2 2 0.10
11.601852 2.043568 0.000000 2 2 0.10
11.517225 2.068149 0.000000 2 2 0.10
11.546724 2.145525 0.000000 2 2 0.10
11.501156 1.765602 0.000000 2 2 0.10
11.708346 1.803576 0.000000 2 2 0.10
11.660447 1.790244 0.000000 2 2 0.10
11.739767 1.800162 0.000000 2 2 0.10
11.629102 1.682978 0.000000 2 2 0.10
11.515292 1.542073 0.000000 2 2 0.10
11.634217 1.747574 0.000000 2 2 0.10
11.651744 1.501528 0.000000 2 2 0.10
11.521540 1.462704 0.000000 2 2 0.10
11.662151 1.260443 0.000000 2 2 0.10
11.718334 1.341467 0.000000 2 2 0.10
11.540996 1.496126 0.000000 2 2 0.10
11.997470 5.131816 0.000000 2 2 0.10
11.921405 5.051214 0.000000 2 2 0.10
11.932455 5.052255 0.000000 2 2 0.10
11.844052 5.244695 0.000000 2 2 0.10
11.944310 4.998316 0.000000 2 2 0.10
11.866024 4.766386 0.000000 2 2 0.10
11.833257 4.861608 0.000000 2 2 0.10
11.850661 4.837772 0.000000 2 2 0.10
11.826065 4.586255 0.000000 2 2 0.10
11.835020 4.741156 0.000000 2 2 0.10
11.750465 4.740126 0.000000 2 2 0.10
11.760726 4.584566 0.000000 2 2 0.10
11.970199 4.299531 0.000000 2 2 0.10
11.881577 4.262349 0.000000 2 2 0.10
11.769073 4.327397 0.000000 2 2 0.10
11.931610 4.291471 0.000000 2 2 0.10
11.886963 4.152751 0.000000 2 2 0.10
11.788613 4.141543 0.000000 2 2 0.10
11.791104 4.062378 0.000000 2 2 0.10
11.754002 4.190172 0.000000 2 2 0.10
11.839117 11.759053 0.000000 2 2 0.10
11.846660 11.900703 0.000000 2 2 0.10
11.949312 11.862772 0.000000 2 2 0.10
11.970709 11.785881 0.000000 2 2 0.10
11.783568 11.512671 0.000000 2 2 0.10
11.754947 11.547900 0.000000 2 2 0.10
11.783074 11.513158 0.000000 2 2 0.10
11.850296 11.504283 0.000000 2 2 0.10
11.900066 11.279657 0.000000 2 2 0.10
11.956115 11.405529 0.000000 2 2 0.10
11.803237 11.462698 0.000000 2 2 0.10
11.807463 11.482288 0.000000 2 2 0.10
11.972398 11.057197 0.000000 2 2 0.10
11.932618 11.049263 0.000000 2 2 0.10
11.949762 11.200053 0.000000 2 2 0.10
11.858761 11.133535 0.000000 2 2 0.10
11.898285 2.822563 0.000000 2 2 0.10
11.899992 2.921294 0.000000 2 2 0.10
11.852389 2.964032 0.000000 2 2 0.10
11.805274 2.991813 0.000000 2 2 0.10
11.974584 2.696864 0.000000 2 2 0.10
11.846729 2.735644 0.000000 2 2 0.10
11.917128 2.736515 0.000000 2 2 0.10
11.755740 2.698759 0.000000 2 2 0.10
11.785748 2.334349 0.000000 2 2 0.10
11.938027 2.265977 0.000000 2 2 0.10
11.798707 2.473156 0.000000 2 2 0.10
11.953774 2.269368 0.000000 2 2 0.10
11.881864 2.082176 0.000000 2 2 0.10
11.872570 2.161798 0.000000 2 2 0.10
11.840272 2.128554 0.000000 2 2 0.10
11.976615 2.049128 0.000000 2 2 0.10
11.766010 1.922679 0.000000 2 2 0.10
11.926105 1.903729 0.000000 2 2 0.10
11.789018 1.912604 0.000000 2 2 0.10
11.811346 1.834846 0.000000 2 2 0.10
11.769331 1.687479 0.000000 2 2 0.10
11.783402 1.554224 0.000000 2 2 0.10
11.976442 1.633536 0.000000 2 2 0.10
11.935390 1.539103 0.000000 2 2 0.10
11.951626 1.426437 0.000000 2 2 0.10
11.902444 1.336796 0.000000 2 2 0.10
11.780454 1.431536 0.000000 2 2 0.10
11.755023 1.453251 0.000000 2 2 0.10
10.052857 5.040019 0.000000 2 2 0.10
10.016031 5.058270 0.000000 2 2 0.10
10.198793 5.138174 0.000000 2 2 0.10
10.088595 5.168985 0.000000 2 2 0.10
10.115025 4.920510 0.000000 2 2 0.10
10.136131 4.782724 0.000000 2 2 0.10
10.193503 4.753264 0.000000 2 2 0.10
10.075385 4.836956 0.000000 2 2 0.10
10.192054 4.559948 0.000000 2 2 0.10
10.166073 4.639729 0.000000 2 2 0.10
10.122007 4.674792 0.000000 2 2 0.10
10.183612 4.551088 0.000000 2 2 0.10
10.230593 4.403840 0.000000 2 2 0.10
10.015176 4.425557 0.000000 2 2 0.10
10.178940 4.342336 0.000000 2 2 0.10
10.102187 4.364838 0.000000 2 2 0.10
10.032709 4.185519 0.000000 2 2 0.10
10.027957 4.088881 0.000000 2 2 0.10
10.062667 4.085444 0.000000 2 2 0.10
10.044305 4.234530 0.000000 2 2 0.10
10.017540 11.881548 0.000000 2 2 0.10
10.066557 11.891577 0.000000 2 2 0.10
10.166268 11.913814 0.000000 2 2 0.10
10.169967 11.947102 0.000000 2 2 0.10
10.065782 11.675152 0.000000 2 2 0.10
10.211163 11.704519 0.000000 2 2 0.10
10.236902 11.522903 0.000000 2 2 0.10
10.230830 11.517364 0.000000 2 2 0.10
10.123344 11.457420 0.000000 2 2 0.10
10.114147 11.387986 0.000000 2 2 0.10
10.222655 11.340525 0.000000 2 2 0.10
10.095189 11.475573 0.000000 2 2 0.10
10.039065 11.128472 0.000000 2 2 0.10
10.000032 11.158396 0.000000 2 2 0.10
10.036873 11.058980 0.000000 2 2 0.10
10.000600 11.172671 0.000000 2 2 0.10
10.046022 2.782150 0.000000 2 2 0.10
10.094162 2.827706 0.000000 2 2 0.10
10.018861 2.996594 0.000000 2 2 0.10
10.042123 2.992500 0.000000 2 2 0.10
10.101635 2.548918 0.000000 2 2 0.10
10.112559 2.671224 0.000000 2 2 0.10
10.168197 2.730757 0.000000 2 2 0.10
10.185746 2.688950 0.000000 2 2 0.10
10.007276 2.284657 0.000000 2 2 0.10
10.017737 2.421910 0.000000 2 2 0.10
10.233301 2.341011 0.000000 2 2 0.10
10.089366 2.470097 0.000000 2 2 0.10
10.001905 2.093985 0.000000 2 2 0.10
10.113079 2.157171 0.000000 2 2 0.10
10.193923 2.141319 0.000000 2 2 0.10
10.116512 2.091000 0.000000 2 2 0.10
10.168476 1.783660 0.000000 2 2 0.10
10.194367 1.977929 0.000000 2 2 0.10
10.164245 1.922566 0.000000 2 2 0.10
10.128028 1.925334 0.000000 2 2 0.10
10.048623 1.667810 0.000000 2 2 0.10
10.017172 1.616360 0.000000 2 2 0.10
10.090221 1.582762 0.000000 2 2 0.10
10.029918 1.548503 0.000000 2 2 0.10
10.129996 1.380012 0.000000 2 2 0.10
10.094885 1.288964 0.000000 2 2 0.10
10.076835 1.333026 0.000000 2 2 0.10
10.188325 1.456238 0.000000 2 2 0.10
10.395671 5.080949 0.000000 2 2 0.10
10.322611 5.103184 0.000000 2 2 0.10
10.462311 5.169393 0.000000 2 2 0.10
10.467606 5.205551 0.000000 2 2 0.10
10.285014 4.886465 0.000000 2 2 0.10
10.431485 4.825649 0.000000 2 2 0.10
10.499660 4.831783 0.000000 2 2 0.10
10.429352 4.882262 0.000000 2 2 0.10
10.346906 4.655093 0.000000 2 2 0.10
10.316437 4.602613 0.000000 2 2 0.10
10.458627 4.578226 0.000000 2 2 0.10
10.397793 4.671630 0.000000 2 2 0.10
10.442632 4.332867 0.000000 2 2 0.10
10.472967 4.336513 0.000000 2 2 0.10
10.344014 4.386935 0.000000 2 2 0.10
10.398025 4.263592 0.000000 2 2 0.10
10.456891 4.114606 0.000000 2 2 0.10
10.340209 4.026561 0.000000 2 2 0.10
10.355127 4.239002 0.000000 2 2 0.10
10.411212 4.173010 0.000000 2 2 0.10
10.332717 11.988103 0.000000 2 2 0.10
10.250986 11.770081 0.000000 2 2 0.10
10.410435 11.877610 0.000000 2 2 0.10
10.380704 11.768284 0.000000 2 2 0.10
10.482982 11.601757 0.000000 2 2 0.10
10.311983 11.604370 0.000000 2 2 0.10
10.286416 11.730973 0.000000 2 2 0.10
10.379513 11.547767 0.000000 2 2 0.10
10.317115 11.481982 0.000000 2 2 0.10
10.438608 11.494824 0.000000 2 2 0.10
10.353722 11.334284 0.000000 2 2 0.10
10.252227 11.463569 0.000000 2 2 0.10
10.442760 11.161258 0.000000 2 2 0.10
10.334686 11.084082 0.000000 2 2 0.10
10.258862 11.045006 0.000000 2 2 0.10
10.394011 11.133233 0.000000 2 2 0.10
10.350690 2.977326 0.000000 2 2 0.10
10.284242 2.938120 0.000000 2 2 0.10
10.304503 2.906920 0.000000 2 2 0.10
10.358749 2.989671 0.000000 2 2 0.10
10.362797 2.536947 0.000000 2 2 0.10
10.281984 2.681148 0.000000 2 2 0.10
10.343165 2.640978 0.000000 2 2 0.10
10.420148 2.693420 0.000000 2 2 0.10
10.343291 2.433270 0.000000 2 2 0.10
10.383682 2.476518 0.000000 2 2 0.10
10.455782 2.297480 0.000000 2 2 0.10
10.456442 2.306574 0.000000 2 2 0.10
10.443719 2.108299 0.000000 2 2 0.10
10.332633 2.168196 0.000000 2 2 0.10
10.323501 2.241895 0.000000 2 2 0.10
10.448558 2.243212 0.000000 2 2 0.10
10.327200 1.881389 0.000000 2 2 0.10
10.352003 1.874957 0.000000 2 2 0.10
10.327212 1.911785 0.000000 2 2 0.10
10.407985 1.937991 0.000000 2 2 0.10
10.263229 1.615443 0.000000 2 2 0.10
10.308080 1.643875 0.000000 2 2 0.10
10.294895 1.741037 0.000000 2 2 0.10
10.478067 1.719150 0.000000 2 2 0.10
10.358245 1.376432 0.000000 2 2 0.10
10.258142 1.433875 0.000000 2 2 0.10
10.276197 1.369275 0.000000 2 2 0.10
10.377264 1.478587 0.000000 2 2 0.10
10.553469 5.083499 0.000000 2 2 0.10
10.676457 5.141630 0.000000 2 2 0.10
10.565034 5.225522 0.000000 2 2 0.10
10.723825 5.083177 0.000000 2 2 0.10
10.693205 4.803584 0.000000 2 2 0.10
10.725315 4.826560 0.000000 2 2 0.10
10.709203 4.857372 0.000000 2 2 0.10
10.506726 4.965079 0.000000 2 2 0.10
10.548348 4.608397 0.000000 2 2 0.10
10.560902 4.520249 0.000000 2 2 0.10
10.585491 4.714567 0.000000 2 2 0.10
10.705652 4.620484 0.000000 2 2 0.10
10.664422 4.360028 0.000000 2 2 0.10
10.562484 4.388884 0.000000 2 2 0.10
10.552075 4.380507 0.000000 2 2 0.10
10.645834 4.490686 0.000000 2 2 0.10
10.645452 4.165741 0.000000 2 2 0.10
10.507209 4.140518 0.000000 2 2 0.10
10.602884 4.129923 0.000000 2 2 0.10
10.503150 4.111607 0.000000 2 2 0.10
10.594055 11.988784 0.000000 2 2 0.10
10.690148 11.891193 0.000000 2 2 0.10
10.500387 11.993054 0.000000 2 2 0.10
10.708688 11.915578 0.000000 2 2 0.10
10.676531 11.546634 0.000000 2 2 0.10
10.618247 11.584355 0.000000 2 2 0.10
10.723289 11.586889 0.000000 2 2 0.10
10.716711 11.711591 0.000000 2 2 0.10
10.723532 11.364401 0.000000 2 2 0.10
10.639658 11.326954 0.000000 2 2 0.10
10.724576 11.373513 0.000000 2 2 0.10
10.678398 11.395753 0.000000 2 2 0.10
10.642617 11.077169 0.000000 2 2 0.10
10.629480 11.135743 0.000000 2 2 0.10
10.676077 11.210656 0.000000 2 2 0.10
10.598905 11.247758 0.000000 2 2 0.10
10.647914 2.849138 0.000000 2 2 0.10
10.581644 2.859625 0.000000 2 2 0.10
10.720118 2.777199 0.000000 2 2 0.10
10.542243 2.771812 0.000000 2 2 0.10
10.677684 2.685008 0.000000 2 2 0.10
10.508334 2.559489 0.000000 2 2 0.10
10.720139 2.539972 0.000000 2 2 0.10
10.678016 2.739611 0.000000 2 2 0.10
10.618990 2.499036 0.000000 2 2 0.10
10.716844 2.402094 0.000000 2 2 0.10
10.724909 2.427451 0.000000 2 2 0.10
10.679763 2.345197 0.000000 2 2 0.10
10.650299 2.179782 0.000000 2 2 0.10
10.718457 2.004869 0.000000 2 2 0.10
10.660661 2.138697 0.000000 2 2 0.10
10.670793 2.168341 0.000000 2 2 0.10
10.652174 1.959535 0.000000 2 2 0.10
10.554307 1.985513 0.000000 2 2 0.10
10.534660 1.888246 0.000000 2 2 0.10
10.590816 1.918196 0.000000 2 2 0.10
10.742592 1.523732 0.000000 2 2 0.10
10.504860 1.655612 0.000000 2 2 0.10
10.696963 1.688699 0.000000 2 2 0.10
10.508065 1.570624 0.000000 2 2 0.10
10.638192 1.257821 0.000000 2 2 0.10
10.629671 1.260564 0.000000 2 2 0.10
10.555569 1.350487 0.000000 2 2 0.10
10.528820 1.295142 0.000000 2 2 0.10
10.836182 5.207771 0.000000 2 2 0.10
10.788064 5.179863 0.000000 2 2 0.10
10.865103 5.229933 0.000000 2 2 0.10
10.866038 5.140978 0.000000 2 2 0.10
10.950500 4.838268 0.000000 2 2 0.10
10.908252 4.840231 0.000000 2 2 0.10
10.988410 4.866011 0.000000 2 2 0.10
10.875878 4.958978 0.000000 2 2 0.10
10.994358 4.590467 0.000000 2 2 0.10
10.778029 4.527374 0.000000 2 2 0.10
10.879893 4.611582 0.000000 2 2 0.10
10.831247 4.642537 0.000000 2 2 0.10
10.973792 4.342215 0.000000 2 2 0.10
10.933588 4.284426 0.000000 2 2 0.10
10.998830 4.283531 0.000000 2 2 0.10
10.957344 4.253462 0.000000 2 2 0.10
10.951670 4.190687 0.000000 2 2 0.10
10.905776 4.106350 0.000000 2 2 0.10
10.964059 4.107031 0.000000 2 2 0.10
10.932224 4.046395 0.000000 2 2 0.10
10.945462 11.883479 0.000000 2 2 0.10
10.879323 11.866913 0.000000 2 2 0.10
10.986572 11.981787 0.000000 2 2 0.10
10.868324 11.993841 0.000000 2 2 0.10
10.906660 11.606043 0.000000 2 2 0.10
10.833222 11.593068 0.000000 2 2 0.10
10.908003 11.643261 0.000000 2 2 0.10
10.953915 11.664526 0.000000 2 2 0.10
10.898131 11.406413 0.000000 2 2 0.10
10.871876 11.258865 0.000000 2 2 0.10
10.943315 11.487542 0.000000 2 2 0.10
10.775695 11.499412 0.000000 2 2 0.10
10.771712 11.248816 0.000000 2 2 0.10
10.958792 11.216175 0.000000 2 2 0.10
10.980511 11.189074 0.000000 2 2 0.10
10.767096 11.000452 0.000000 2 2 0.10
10.895616 10.801390 0.000000 2 2 0.10
10.815348 10.756549 0.000000 2 2 0.10
10.822299 10.883675 0.000000 2 2 0.10
10.948596 10.885992 0.000000 2 2 0.10
10.931251 10.589618 0.000000 2 2 0.10
10.855021 10.651994 0.000000 2 2 0.10
10.951036 10.562920 0.000000 2 2 0.10
10.985417 10.586509 0.000000 2 2 0.10
10.884820 10.369736 0.000000 2 2 0.10
10.790498 10.351470 0.000000 2 2 0.10
10.863328 10.441064 0.000000 2 2 0.10
10.892833 10.314903 0.000000 2 2 0.10
10.897927 10.221334 0.000000 2 2 0.10
10.998392 10.053798 0.000000 2 2 0.10
10.755595 10.027158 0.000000 2 2 0.10
10.769766 10.206139 0.000000 2 2 0.10
10.815933 9.869240 0.000000 2 2 0.10
10.750104 9.952965 0.000000 2 2 0.10
10.955878 9.797859 0.000000 2 2 0.10
10.888533 9.871304 0.000000 2 2 0.10
10.990624 9.644710 0.000000 2 2 0.10
10.977398 9.524675 0.000000 2 2 0.10
10.751564 9.671300 0.000000 2 2 0.10
10.779814 9.709917 0.000000 2 2 0.10
10.938534 9.405087 0.000000 2 2 0.10
10.943138 9.441842 0.000000 2 2 0.10
10.772828 9.406802 0.000000 2 2 0.10
10.813950 9.251459 0.000000 2 2 0.10
