0.965828546098 0.595861992241
0.966161065191 0.0699529974635
0.248975512586 0.538083991587
0.635583398453 0.28232922896
0.426905389356 0.868757162831
0.111682927514 0.606607054337
0.560219054687 0.946118157799
0.00917374992152 0.556254990057
0.977953366587 0.85404237586
0.0407079967433 0.145778774098
0.402277806386 0.39671167261
0.290218257281 0.261899307185
0.68896234536 0.257992897237
0.129571986083 0.561382327216
0.446777248167 0.151768124503
0.432484358996 0.640927244234
0.639783303211 0.941361877032
0.135673645473 0.911797733669
0.483509667154 0.729803677589
0.534194063225 0.689690783718
0.162607685614 0.869522721703
0.80105006032 0.0235357254529
0.849957216809 0.879582991586
0.101459767992 0.485025023068
0.322277735732 0.529843438069
0.926035632393 0.937595571699
0.0280772314605 0.372653837551
0.885790708381 0.653060599273
0.940136200152 0.8286326576
0.620185017718 0.67583251
0.0405996098736 0.045448308161
0.728011960178 0.200435012149
0.17292165086 0.026389510315
0.973530453243 0.831730752838
0.56749575997 0.409889993073
0.217637615962 0.131018277579
0.676794706174 0.961224364275
0.924105586947 0.0749357556556
0.228254518793 0.994659671927
0.0619277039367 0.262181523632
0.548527387984 0.481157327076
0.325362536557 0.934383117748
0.216346820901 0.169370537685
0.292796088079 0.197741581446
0.0598226433514 0.447301412222
0.379701374681 0.539556415124
0.73148775365 0.124435568628
0.026403052218 0.386381883553
0.453539025744 0.0296100436974
0.753579675251 0.859464041299
0.914866715825 0.194656561238
0.537407684121 0.0808357408795
0.0553924215243 0.429107743875
0.839351680063 0.757145026035
0.152330288232 0.751794793121
0.752773588495 0.718271137448
0.416821223272 0.459228494564
0.823218214068 0.257066176872
0.444189665271 0.209126413202
0.538924298036 0.527636480308
0.470565928656 0.179404279038
0.154863523831 0.0149148061084
0.42667998111 0.613981433206
0.45331200214 0.124441226949
0.00744312019529 0.403417804806
0.447719718087 0.956990756023
0.607563888813 0.600754238268
0.545086426469 0.482112917891
0.641221802677 0.807687520403
0.653155431091 0.866944010841
0.558354116669 0.0292170067878
0.351289438981 0.737097466082
0.876825420579 0.486142564611
0.652380370425 0.950803618424
0.799570843821 0.32453046963
0.360968642474 0.341724218111
0.0030880909617 0.717277356889
0.0697129829489 0.623078726876
0.902778843407 0.501564131429
0.475365897425 0.558301201841
0.644308927463 0.800164256043
0.468606964516 0.248271876226
0.425353730264 0.782557328639
0.0719030378111 0.750894377546
0.877083557612 0.996873818821
0.981606566321 0.947572970211
0.964986769122 0.564250533102
0.939607259564 0.82380514933
0.975514610121 0.977022284296
0.337151746317 0.227926159429
0.0978744755468 0.34677749399
0.46321978483 0.14811376972
0.731851203089 0.547576750036
0.0618025028349 0.269933302995
0.996855431671 0.370321212526
0.779420291854 0.437885627614
0.118557725473 0.552071704952
0.21076762283 0.421013968633
0.0406813781416 0.961200735457
0.112187337802 0.687830250401
0.388963483494 0.181455926079
0.0570728512793 0.964463402891
0.957012810611 0.165104426089
0.410907060503 0.733323983201
0.983709841022 0.144838576681
0.805638585049 0.830050904939
0.688691271722 0.541846042003
0.0188874270671 0.252555239359
0.0210330341323 0.535883571001
0.365167864654 0.23496777873
0.708409963262 0.816394845601
0.232634891463 0.945030476889
0.419742368207 0.3297546755
0.10527973745 0.335050692433
0.375093855089 0.571379064864
0.406649625998 0.564874923284
0.500907257806 0.84044658404
0.856980190143 0.130112659776
0.567630986943 0.254905177706
0.147762297918 0.569906214635
0.17421830719 0.251954767766
0.597495724234 0.449660589216
0.862202070174 0.962189993452
0.30744808218 0.489634903971
0.982857769899 0.926677892667
0.168246742322 0.0349882784592
0.712581359051 0.949589325728
0.765087014721 0.357385495036
0.0256974457625 0.694947275691
0.930239541766 0.00988511930297
0.137910697421 0.670599658109
0.936199890262 0.694048291659
0.250009982484 0.526641458276
0.680591517974 0.0507736302159
0.892028507276 0.823008894999
0.815652339703 0.433644424266
0.0707834750384 0.644912023116
0.210948578855 0.382153511842
0.358485907677 0.570599167411
0.7635436475 0.953546402003
0.0759824305264 0.844594863157
0.359673356521 0.729550719487
0.4555359064 0.990970629882
0.471874728704 0.31451582668
0.134249483388 0.0913474785184
0.836891053051 0.879098424716
0.673929590232 0.093562247136
0.546966521622 0.853256398855
0.156487562127 0.179587523786
0.0379647211864 0.549411328435
0.659652857961 0.411349826069
0.254452506372 0.0413012640864
0.161805535685 0.488917784282
0.0314336220225 0.127794164149
0.641894175457 0.387117031027
0.261990699155 0.696816202254
0.592692125781 0.376566846343
0.176891213731 0.544974086988
0.207672149201 0.852553660162
0.214801139411 0.581388200306
0.414509354056 0.706169474277
0.389211763398 0.811255845484
0.483901268275 0.0116181299154
0.21478897657 0.0913658673597
0.0607689237724 0.844748161477
0.491732742299 0.933069680125
0.916920279524 0.594815367323
0.765219968814 0.666253105973
0.5669594631 0.311747197821
0.502579436624 0.66195207117
0.0449452017779 0.220163512779
0.62815238834 0.554134825034
0.780731519765 0.611831992923
0.241431862148 0.56165796521
0.705636316296 0.61093839037
0.700312631146 0.164381649182
0.219282990903 0.282623426394
0.934209646033 0.385105596047
0.0860922218329 0.64482032753
0.172270274503 0.331517264449
0.362736818256 0.158421181967
0.80283776939 0.457350910948
0.815223291517 0.235415643037
0.765577259341 0.251999219142
0.825964439151 0.795426117259
0.857039195724 0.789991457499
0.695326146846 0.686653508478
0.238767164855 0.115087032762
0.000442293626636 0.849000565835
0.849225141391 0.925139110789
0.309921376833 0.533779640919
0.0867819781052 0.184408081456
0.14068024908 0.0573309033966
0.617804296323 0.920023492717
0.952302434357 0.238241153787
0.59534111789 0.139989341517
0.627133859924 0.0143267241209
0.33168149345 0.0163378326143
0.539742182588 0.713484389553
0.223040672784 0.051548229389
0.658914632295 0.263029365572
0.0807390769403 0.873942696435
0.555491503716 0.880613823661
0.841042715809 0.409869793077
0.0193196006263 0.617255434029
0.0882440582759 0.161321434974
0.63231704131 0.951659055777
0.0561570886161 0.481736436988
0.631997398391 0.138676908247
0.794421923745 0.199069114389
0.376681187439 0.420760404186
0.0351975233923 0.640984702854
0.0688954298154 0.115342264897
0.384730368975 0.325947949559
0.442521470114 0.466159828508
0.741060854865 0.565149435011
0.104045440086 0.0332830952568
0.378679046324 0.120667234794
0.407945285414 0.850367012315
0.840103510162 0.548885657564
0.70034771335 0.894830262217
0.714548935345 0.6697644637
0.508550560016 0.801383189815
0.913142935643 0.0424861474416
0.111010584136 0.110233461882
0.982205176453 0.0310293246964
0.386683548451 0.456192060267
0.764287318885 0.144085534457
0.773869650081 0.944753935123
0.137331539663 0.349369081866
0.408177531543 0.892993950029
0.875855008488 0.826035609811
0.850984204333 0.837596340916
0.585832987177 0.224979788817
0.929944936396 0.893921415006
0.503301612087 0.0688123300903
0.172904553901 0.444311116266
0.283691550756 0.981973327532
0.238968086868 0.0808971043308
0.533885944872 0.583307907286
0.926104121738 0.0466019363395
0.0176973523504 0.982956801194
0.174369660837 0.406708948376
0.24074122152 0.10959821177
0.0423032693914 0.244234103646
0.174105803652 0.967424345623
0.311240493714 0.69978203973
0.566557272354 0.194741353231
0.251308944354 0.287567659433
0.743941955113 0.257093861147
0.57827615676 0.691267134899
0.506493108932 0.621695296417
0.624841377692 0.127043491891
0.715099383415 0.516992519478
0.63783762719 0.190056572412
0.629645546897 0.57368556322
0.0882888327998 0.936731945694
0.930146258751 0.410806884374
0.207815077558 0.964183138068
0.449073177296 0.00502360260753
0.765460034127 0.0859109077775
0.642993436483 0.392208782402
0.886610367588 0.340622829587
0.437214856624 0.464573531155
0.450492404387 0.498957630038
0.266690517329 0.634200980256
0.170178070763 0.454617839533
0.545609847065 0.0113351086638
0.379404628754 0.536794822654
0.725286653867 0.787634577203
0.884039279414 0.175587416597
0.515606106007 0.503688944387
0.392947599732 0.313117515611
0.536384670149 0.917903195243
0.161040953339 0.481349273086
0.552449577675 0.439262251156
0.838817409057 0.185713757819
0.16648359967 0.617406314739
0.655788342831 0.387052773186
0.450783985282 0.799720137172
0.157172727002 0.00283931103882
0.455679766233 0.557768273476
0.35232489626 0.447294892324
0.221882076121 0.862245782983
0.839316947254 0.0401575066718
0.900136151741 0.0495015627633
0.194680317649 0.0510996059265
0.730046722634 0.652539753175
0.926194148695 0.0129728459081
0.970388260754 0.324857308613
0.568873643898 0.699090598393
0.498036194802 0.220608103823
0.12894693353 0.294409769089
0.121889420295 0.718818851351
0.999050726515 0.915027148671
0.914718050319 0.202041871662
0.1891988734 0.203341572866
0.710280873175 0.392413259166
0.549316801334 0.506478269888
0.802337745348 0.618797550381
0.2162427898 0.531757693571
0.119384142021 0.00822080603766
0.377855264401 0.0198493743091
0.488400405551 0.535899150784
0.555830667387 0.179864024659
0.313410278576 0.327755948438
0.94490512665 0.507161591031
0.957565370435 0.513440668789
0.492431149565 0.0501552127843
0.291849926168 0.326132211395
0.878147525028 0.554689613178
0.913277181656 0.40845919707
0.0836802503435 0.227694735295
0.261440492323 0.103800760886
0.928224919609 0.0558734955889
0.690587967476 0.731628763364
0.728809650126 0.118433536501
0.776641808021 0.651731693709
0.806489419225 0.413188458586
0.0643597708885 0.953740537042
0.258749167081 0.543656676612
0.36819663747 0.426494913519
0.382151861726 0.549203701314
0.834346270436 0.5519217328
0.0571231192375 0.873302397007
0.205903408179 0.0193340110465
0.505407893544 0.166292992254
0.693100957211 0.194160096934
0.339410177724 0.248694015204
0.0652577988517 0.0452713490111
0.676546036646 0.882806709404
0.988697773454 0.859856360033
0.326341494627 0.107506052376
0.156794334668 0.129442849324
0.622959736488 0.818049659863
0.202068324742 0.942243751347
0.0498528182196 0.161474908342
0.511234013911 0.505646146032
0.0979159993333 0.286287895967
0.789345623846 0.147511052266
0.374961984001 0.127016072542
0.124206596949 0.91860533238
0.476672973499 0.240262026969
0.914303571501 0.589188634011
0.94755307102 0.693937005167
0.953999673773 0.599868817017
0.592663640036 0.225553499495
0.846681863392 0.456812551877
0.520087766445 0.575249833716
0.281037444423 0.0137874153536
0.639694162287 0.841730982541
0.103163039585 0.972326547645
0.655464905176 0.556790559161
0.4379989223 0.189891608894
0.554094030124 0.518617511759
0.51089530805 0.861875590054
0.324162964877 0.373946604595
0.506791538084 0.815760443313
0.999650027909 0.812412811466
0.203911103824 0.894673072534
0.300776735418 0.897507327073
0.105219119454 0.45020200412
0.709718714827 0.927979177104
0.89741425012 0.612562542113
0.0559213434272 0.265306439805
0.0495543393374 0.31576430676
0.467972756332 0.666510444728
0.111630915405 0.289577926901
0.246641282271 0.200494373085
0.821679954668 0.00603498824913
0.342824378233 0.0325590140548
0.135702811122 0.355255844186
0.680102504826 0.517151678911
0.995507884626 0.98420494687
0.986387179201 0.350980742538
0.9320564254 0.601236328117
0.884372474369 0.774129603269
0.672435727211 0.256690444355
0.488250529933 0.640137981507
0.730249121365 0.519839997988
0.206563954058 0.0217085467277
0.825385598642 0.404834588197
0.682767518643 0.51754189987
0.440472851275 0.0437654484299
0.0587955817864 0.466841632055
0.193505094932 0.450534912254
0.0768574125564 0.56548037578
0.0259558934884 0.176721790939
0.711723726333 0.608989547511
0.244315715774 0.384371342733
0.443306287779 0.447155421109
0.417192075782 0.247167478725
0.902602306745 0.140426245296
0.0489258580877 0.645488259758
0.0963164854798 0.263404396184
0.72169268059 0.365941322887
0.72461875117 0.115180455898
0.142971919008 0.114610570455
0.891546244955 0.843235808672
0.917178783435 0.159142409045
0.876243312083 0.0891436461436
0.562790811879 0.620849747748
0.619160076599 0.605243563314
0.706852313527 0.580449800548
0.230056992223 0.277547077857
0.796805031111 0.345330793459
0.0555290046623 0.791332264043
0.618004148987 0.672916154012
0.401507633129 0.00170345038774
0.967965814518 0.412999210744
0.547436629833 0.643358335387
0.952155519885 0.330314465838
0.776839276764 0.778759025282
0.691479767403 0.470624453141
0.583511653773 0.331546361996
0.0161668777979 0.66392721296
0.768607063142 0.726290104918
0.804544988222 0.0584962576591
0.217583078812 0.207418037687
0.420227469274 0.560384696124
0.677405104599 0.820975333324
0.898555300225 0.356383754827
0.453139217388 0.917227680357
0.610136809275 0.974358720913
0.649743878028 0.881812381393
0.151934211129 0.85550499379
0.591769351128 0.964826830859
0.813169814705 0.243402396242
0.958494598698 0.771558505832
0.382341395623 0.408534065939
0.076243434096 0.281996459485
0.987853969361 0.285661522772
0.706479054544 0.602165223868
0.26687314011 0.783913782009
0.930111566802 0.391067813887
0.316515094496 0.981360708105
0.232120652171 0.0768106080368
0.903656914212 0.554242063923
0.364845455049 0.849163206347
0.525345133749 0.674627850827
0.699112201048 0.183805980986
0.818141271771 0.224717868569
0.736165736436 0.666338785595
0.421995827407 0.0143711621538
0.585924298267 0.73244563809
0.372041679102 0.0868063362863
0.76747233576 0.869189598977
0.263957723381 0.597141240971
0.391979079621 0.0433773455785
0.241504103515 0.110101483566
0.597132919429 0.44796192563
0.780475389045 0.801056023168
0.345309598406 0.773493790809
0.332466046044 0.729094050101
0.777310007826 0.3371110949
0.0518732011186 0.989060361414
0.00952852137045 0.886101413282
0.504118577201 0.0923157423168
0.884893603633 0.365822037674
0.777864112082 0.66794884857
0.585306678031 0.588374718004
0.742401381852 0.957922867726
0.549343537063 0.53912488716
0.0846469441514 0.631240409132
0.970647259578 0.809755141374
0.50785299529 0.380702958642
0.990601308974 0.699755193661
0.828776136144 0.0605293645569
0.0644240304 0.374029122273
0.641489100211 0.636873605425
0.703716196927 0.371969976768
0.107473402925 0.609711305745
0.0149238039833 0.575794074778
0.324946252995 0.0376177438519
0.30554171513 0.521657707541
0.730795870089 0.373107558636
0.658177986495 0.92761889491
0.411787371802 0.281822467675
0.994541309295 0.267933618059
0.92959800984 0.361733200474
0.701920563619 0.0585449833595
0.950921323484 0.265966329943
0.546703608551 0.42906685303
0.245898796175 0.567423935184
0.423818088104 0.929052127779
0.384341305831 0.979161452898
0.040973205751 0.0150161002418
0.335392352584 0.149571504633
0.229336549206 0.135682818331
0.360812588365 0.847548330394
0.289188457486 0.844987592519
0.0935355398332 0.764714637603
0.601121092254 0.433023272757
0.29286452993 0.726360702174
0.485960785254 0.818017718185
0.586986988621 0.376272479213
0.40740585484 0.832123137735
0.679613504387 0.82737727187
0.5336972857 0.276163658753
0.704378726657 0.766746366801
0.666391054773 0.0618118234416
0.49962699119 0.0672249386994
0.651672796098 0.779565800618
0.572212418626 0.704663383815
0.460278095445 0.436764159669
0.995590529421 0.700362150236
0.662502310754 0.454882453233
0.318104295908 0.544393783333
0.476333731547 0.629227112787
0.837712211318 0.823054253922
0.416676880901 0.0811889904238
0.0428471105347 0.101991371814
0.815371672182 0.491371608504
0.30560255972 0.502359177433
0.839103926706 0.558642639226
0.362322043939 0.269811650248
0.487179902361 0.225150636756
0.369598187194 0.106696560572
0.0372761134339 0.983886453017
0.143646537415 0.154777550454
0.620278992917 0.687604443
0.957598462111 0.445292153636
0.557330529932 0.609174759921
0.187921821996 0.122656617924
0.094907574699 0.0849592893162
0.922231120244 0.213467528042
0.32429866174 0.72122255547
0.00884119205595 0.422628070638
0.751186815779 0.109940547773
0.955602799737 0.198578527538
0.364805242747 0.763403199998
0.196295048421 0.777047450156
0.734852281285 0.457854678456
0.968958688768 0.83329241961
0.365720456472 0.920480019884
0.0298482806431 0.400568292516
0.912158190501 0.318217768935
0.575945447142 0.427563127918
0.151444794925 0.625024584621
0.814537480725 0.277280036622
0.471092730266 0.152749953026
0.685294428845 0.57573133157
0.62180808031 0.211806943253
0.275957729729 0.226489802021
0.708197900966 0.644901081844
0.274610199143 0.431138412424
0.266618738638 0.0139351763637
0.853269832073 0.950001067957
0.950289853513 0.463908507797
0.219267755277 0.831567902166
0.108295191218 0.775156949931
0.805339633089 0.509830274814
0.0987492659014 0.591742337219
0.863345553405 0.928521049211
0.669697514839 0.707736351924
0.952493468101 0.741096591097
0.0712819055933 0.826889409189
0.134640990651 0.488778053334
0.943059922255 0.283000723854
0.660045225368 0.584234477611
0.452054637844 0.474500074549
0.0389429142263 0.86383649524
0.324984959759 0.279980639142
0.847789018535 0.127054719296
0.00232374644335 0.0872573101275
0.178048658474 0.195354310961
0.811604565804 0.937611492936
0.353207510796 0.72715043696
0.888106111633 0.750525910068
0.559608319618 0.527382732787
0.605288986576 0.699535227641
0.397549120955 0.498322671697
0.668093487788 0.0653138999155
0.0553048426111 0.158609859292
0.937837897801 0.496542589811
0.0719046438498 0.908070250307
0.0389189588516 0.406514809897
0.32390469491 0.609489363465
0.884390216025 0.14999866058
0.851221515777 0.604128836666
0.544279240641 0.721342613958
0.595141550164 0.962008954508
0.499395215768 0.0494332137762
0.213133605757 0.222799038819
0.184889928976 0.788203331597
0.00713423874039 0.33954815002
0.231130953669 0.433520509583
0.360268311288 0.70026653961
0.435136654879 0.31913276246
0.0597937385428 0.514078227474
0.203012929088 0.858717353748
0.799811826626 0.143335689125
0.0454865032687 0.843687434683
0.476530163785 0.953107847831
0.562248858303 0.596754002622
0.822615663391 0.0205831475795
0.818410484834 0.881104985752
0.572816940274 0.948121452128
0.780009186925 0.983900039969
0.227834543009 0.546901856525
0.267560857474 0.58605855582
0.127589120841 0.0191566349507
0.807380741488 0.634251272247
0.18572508672 0.881001713507
0.0486401457496 0.374163729801
0.0712184240517 0.585483285426
0.979190373423 0.836676309561
0.543992111237 0.723042063071
0.470397866187 0.11490363949
0.364589059936 0.779170712566
0.992606340323 0.756996077728
0.921372324387 0.356272168954
0.725739753643 0.946750886536
0.744530878825 0.808705123602
0.487580102558 0.180045650217
0.10989550801 0.0629822571093
0.761351433383 0.549063741332
0.25168019449 0.602022175266
0.925296399158 0.0290825967875
0.308069332699 0.348747839927
0.021470049371 0.364597097122
0.579768923619 0.570213177884
0.318274835466 0.198365118708
0.456114272097 0.203507067641
0.776252264177 0.028040613636
0.415938727998 0.321355265618
0.0141475358999 0.0838606569888
0.46438468717 0.914586043587
0.630239173315 0.956965696008
0.560390145852 0.202205896856
0.170788596423 0.110692280453
0.89589868647 0.522430875901
0.625227131965 0.438550186936
0.413538357372 0.967475749786
0.420258376435 0.415316739861
0.499130990883 0.499644599562
0.144704985757 0.241122542034
0.765102865146 0.484092773085
0.921703778177 0.532304370146
0.95354437546 0.0646643775776
0.318899502349 0.73371722016
0.180965375977 0.0634725223442
0.363277229936 0.236889742116
0.73340406369 0.427451544605
0.0320809597651 0.299004228108
0.843949232919 0.948249818379
0.605558467134 0.509786563428
0.951839460168 0.361276553075
0.755948228097 0.47165950162
0.022609216895 0.317360208941
0.173582442447 0.267978456557
0.506316104615 0.388376361699
0.366766584845 0.130439239863
0.622948316615 0.999595381916
0.606721384305 0.770615737371
0.150426188967 0.891818466698
0.957667844083 0.755673493672
0.382014876595 0.826802535308
0.805967192408 0.979785784346
0.875882752792 0.135482354817
0.246242178593 0.460923571436
0.858466293653 0.307844798229
0.44778993493 0.599658080043
0.494176762498 0.886553638349
0.591114718926 0.556503731525
0.10169566051 0.105066516777
0.374558685018 0.771404015748
0.148449428087 0.0889531341636
0.917340728064 0.959862762773
0.0522135903557 0.0883905030356
0.839405127325 0.0173185501232
0.998840110712 0.264166579548
0.594430887925 0.536610490228
0.821315331756 0.740576833436
0.919142299845 0.290646204257
0.377799837637 0.445652501711
0.949392394467 0.324980686124
0.902583901675 0.488716844126
0.970570338284 0.256842958702
0.535551425903 0.465405213647
0.605150734947 0.890385019427
0.742347697939 0.856524000167
0.877491754872 0.907115919789
0.360327306071 0.848346401308
0.10699506146 0.977166989749
0.568325392554 0.673627214243
0.433686466752 0.236617534339
0.357743697622 0.464070328259
0.584041945109 0.678415078864
0.480250764863 0.87271237457
0.98312752741 0.441322472176
0.284767374277 0.476189884574
0.757508221911 0.658248104266
0.147667268455 0.170434977622
0.967235726756 0.591653213606
0.119924005128 0.879092618792
0.492641943403 0.711279728138
0.726878573054 0.159650776087
0.954078292274 0.193326592194
0.634082117948 0.828753814734
0.13402243158 0.970366034356
0.265908586386 0.15107196744
0.06273077183 0.846951168677
0.649920000489 0.362069077808
0.496585744153 0.465280110384
0.216530294535 0.718965656161
0.279225851312 0.110504834681
0.658872973116 0.835681009002
0.54352251101 0.869015997452
0.361755302608 0.741795807248
0.094427853969 0.429745367191
0.700240958229 0.604225123272
0.281221502357 0.698392915079
0.964715645144 0.95442946503
0.853473316018 0.382319462393
0.26579546038 0.15935103887
0.271971606931 0.292663126372
0.618452737412 0.958550941376
0.365402294787 0.190352518134
0.506640253259 0.258844318499
0.744630392671 0.376175807347
0.468825456882 0.678355936428
0.415974423926 0.404144056422
0.760196257531 0.402373404756
0.924600414657 0.389634369703
0.856539681581 0.832414468904
0.277826429279 0.414438023202
0.374396069845 0.658118089034
0.231963204256 0.745174755169
0.229131806162 0.933629079233
0.635978080941 0.944278119065
0.359318696842 0.741518998536
0.499536745582 0.995788051763
0.621220901815 0.687329726051
0.232092388794 0.121839618869
0.74793659791 0.707126066902
0.792147566504 0.716221522149
0.93977707269 0.834944607174
0.548465667063 0.585943668988
0.567753021475 0.398534220157
0.533735353001 0.839204191661
0.201401328126 0.378670081923
0.78231075349 0.885053474024
0.0456583745989 0.382696453022
0.219184416919 0.606944013401
0.0232697864309 0.905561165
0.210281964396 0.226474750929
0.0558020281807 0.521940471938
0.386350595336 0.748897513844
0.946231374056 0.555613814499
0.729410771691 0.0134619944483
0.487161508137 0.941292322916
0.152913257463 0.21481576311
0.915588070507 0.849824484015
0.804232439722 0.89843278069
0.758787688905 0.0181029425609
0.461432750382 0.309705935555
0.810123084523 0.45171327502
0.295086551379 0.995734454683
0.92517218547 0.0786391561545
0.835554874343 0.98214093285
0.984219596045 0.579702474674
0.810159703046 0.555435319275
0.547584481282 0.582020546792
0.239391463448 0.454498631945
0.0183301231085 0.861503177303
0.57779995739 0.200371991889
0.885798510486 0.512374910912
0.15842170477 0.656540463064
0.345947438058 0.247185748679
0.925818036639 0.46503036185
0.108926323883 0.850416409904
0.89965510201 0.451899402448
0.496306317517 0.722715417471
0.0727172095675 0.143003123918
0.175268171568 0.289784036152
0.712760031789 0.961242943702
0.863759110319 0.91647493566
0.956017820157 0.444184528344
0.0022890670733 0.550300125123
0.347661591879 0.864396391575
0.339163978049 0.570270169685
0.567822273473 0.781622001694
0.2264222939 0.0966711874385
0.984826899217 0.363100864108
0.64171254626 0.570194181118
0.571443211001 0.0935571428196
0.284952287417 0.954761302424
0.886962235761 0.498033496235
0.914575551554 0.889132980127
0.516534108701 0.146878997584
0.636242959119 0.652699355162
0.662592327896 0.644902957777
0.0078440412958 0.429338600516
0.523667718302 0.238766169301
0.992235174822 0.0297805213984
0.724207999665 0.333892575723
0.789816283168 0.983892925395
0.0376928151994 0.837834950079
0.772298406259 0.276911892403
0.801812744107 0.64116988301
0.894608815492 0.870454377558
0.769032873162 0.818523048926
0.715607609412 0.358559986098
0.936455792803 0.0953292876755
0.237070323955 0.849349678966
0.0095901063945 0.953278149003
0.416267004243 0.18802683474
0.455016456133 0.952429709871
0.857850942572 0.0211031803583
0.782356665342 0.674372766805
0.960567221055 0.274618883735
0.630619501236 0.0655326047705
0.663353739605 0.359535549657
0.0672786345843 0.405211854018
0.246212404535 0.656235125035
0.357923279431 0.417191406164
0.193624949439 0.714087268777
0.997015034318 0.433967980486
0.262513764417 0.976905044938
0.971972282298 0.151738672818
0.0245700700797 0.534169867725
0.448785243547 0.0265958597149
0.632130925154 0.196714853645
0.419404987417 0.0811382855318
0.0237561581379 0.875414383176
0.173631274688 0.148814037786
0.287239246749 0.590177184269
0.837529814643 0.0231896240598
0.761052170779 0.913180044264
0.210504074018 0.591658827445
0.36586188767 0.36190621522
0.548099258776 0.827860499753
0.523804557705 0.276618297471
0.336131956795 0.293759648286
0.44869327808 0.774911693156
0.710867525363 0.598051074371
0.392545033255 0.613556416071
0.943926315184 0.0328153585437
0.988605804384 0.117718845022
0.777548253086 0.0597903377391
0.749258699252 0.869266082695
0.707765433023 0.0724816971678
0.52374855342 0.0586984283997
0.851021444166 0.132128536347
0.579213289179 0.54453175568
0.198405913915 0.221828082375
0.609464678336 0.638744397455
0.33224498336 0.57489543176
0.427882043088 0.985263048109
0.460659250629 0.436530977037
0.616390356304 0.683965454507
0.262969700919 0.860130971933
0.796297501412 0.361044297259
0.110299620219 0.707178669495
0.709548843276 0.910095245998
0.33272104953 0.0525584522699
0.950722974366 0.312307673359
0.921610782481 0.653088091359
0.983869045904 0.827272813317
0.617877107024 0.809499068779
0.413623392392 0.100854493088
0.812509235244 0.626748416625
0.854293774975 0.401572786346
0.117304271112 0.341969923894
0.00834798421394 0.71565150398
0.0870970864665 0.865127915976
0.237778887506 0.935590615925
0.967730373642 0.167933008924
0.0901416156307 0.774239539985
0.975741388436 0.874435537627
0.806618766464 0.114112327956
0.480808117168 0.533002775347
0.38733642093 0.264760575676
0.435216841308 0.297707003893
0.00971422956285 0.733985565469
0.834988260846 0.40484931772
0.330243178627 0.371652163615
0.627993868955 0.183226359142
0.950431983079 0.486414343985
0.161515169656 0.908966019025
0.543242119502 0.362911738924
0.77564520202 0.301508473254
0.120487342767 0.860808594939
0.583549558718 0.556216528558
0.698017373518 0.0798936239776
0.340154788556 0.489272513723
0.379006583429 0.736370261685
0.182454855823 0.525146416858
0.830446378547 0.424579901913
0.0767129295409 0.587119836463
0.842477458734 0.626326583602
0.29911247605 0.447579390633
0.00732820628425 0.45615169565
0.198083809748 0.556974877656
0.00931616903595 0.972987318527
0.166483028983 0.00606436609253
0.309335573925 0.9061066096
0.308737681759 0.379616399866
0.515823477666 0.104155536982
0.319189256657 0.0399437313886
0.444967983007 0.565187031144
0.63642162641 0.159187143833
0.0166728347897 0.575154426129
0.113340968734 0.112470006489
0.475091424009 0.214396121842
0.991321121437 0.566154753258
0.360879219048 0.323354778472
0.995188098971 0.99561354497
0.994092026094 0.241782592613
0.992472868081 0.32803099898
0.181799449628 0.675451967827
0.328034070571 0.802046434039
0.35886672648 0.330857485497
0.612895449768 0.687152246534
0.0755111167393 0.425927560128
0.131435562029 0.43627753807
0.290192453683 0.217150918552
0.384118312471 0.188696283872
0.114082949668 0.590548376551
0.378138431241 0.387726509219
0.961942127445 0.765199636477
0.0740284409656 0.143346963262
0.975376975829 0.573949809108
0.71293174407 0.456878049185
0.126112533987 0.88773897096
0.214788761476 0.327254250893
0.110079192101 0.53971404943
0.907276206157 0.46076748195
0.669555951979 0.954699497384
0.861883039344 0.573600211134
0.768071105682 0.527960929742
0.48999586917 0.810673092779
0.0153625909554 0.609278575086
0.244932165873 0.251859293379
0.659379784296 0.294788630239
0.270020630402 0.559889374878
0.579396003796 0.541485135441
0.626121079177 0.789332748613
0.319352544579 0.280228015045
0.1024679134 0.392992911343
0.754057457816 0.476167138949
0.760355590406 0.533637097757
0.786321993089 0.772267753448
0.405973718513 0.840458340616
0.664350110493 0.829844514371
0.262527723452 0.111602290902
0.740140945497 0.971772697761
0.183223938796 0.478174310228
0.663274938441 0.9043701512
0.489559386719 0.19796813496
0.114664062846 0.589503152164
0.728325180287 0.146957742136
0.157290569508 0.490610838886
0.805965371856 0.37504738945
0.0832109714216 0.979986025861
0.649542617557 0.0949184266101
0.178668009589 0.552028308357
0.95247716305 0.126767666103
0.47760682729 0.3291100683
0.669849343313 0.148711555403
0.531592209635 0.406932369191
0.977506501838 0.59537012757
0.684627900494 0.810816398798
0.5010884286 0.275342113771
0.534749820141 0.872192911062
0.596512904445 0.736021054951
0.163856141136 0.51802475402
0.313230988301 0.898384250374
0.324447270922 0.762266424945
0.527634603147 0.140034517478
0.139642394446 0.0496517852676
0.0695750429174 0.639343562763
0.346464334416 0.878164904501
0.83807374592 0.130396650172
0.0790220412545 0.912019401197
0.266544306575 0.732358823656
0.388692843483 0.546463895075
0.460060077096 0.531183184097
0.874130670517 0.83723002515
0.249108626405 0.7219776839
0.357597473884 0.32370764898
0.033962816866 0.202326262463
0.799005403941 0.994362144622
0.0758805782089 0.849433487321
0.358112314691 0.649668280193
0.0569158231802 0.902825760685
0.434735491271 0.692938523561
0.447314155589 0.384460592462
0.386904457189 0.856193550868
0.537542048157 0.240665000072
0.450880357519 0.504110901434
0.110693336312 0.764611544328
0.813950043627 0.531402208601
0.149389347741 0.378456335224
0.634162255223 0.710249507591
0.0335139604182 0.778474534919
0.162158033913 0.04407498567
0.864152176541 0.809089708723
0.951901416181 0.983122567542
0.990172679381 0.933251688702
0.880768370444 0.130250777162
0.793678614522 0.913620409888
0.0930387479376 0.0685343557301
0.419109029181 0.977160644282
0.597072640341 0.654650136651
0.801380757935 0.896693035454
0.380760645649 0.600949129232
0.771967175935 0.373079415751
0.397874903884 0.885517908901
0.560110162047 0.695624508647
0.854687993555 0.699264537658
0.185092312973 0.557590044768
0.748854984372 0.677274452794
0.628938362028 0.967075616505
0.982573529095 0.998158298124
0.553145974998 0.2048511276
0.150431804343 0.352598874206
0.947714751066 0.592172609377
0.238218691227 0.773382198102
0.307969861894 0.934773827593
0.808305181872 0.0682009556832
0.618083795527 0.377686435799
0.0780054428645 0.545745295419
