0.882596405222 0.523594977837
0.842769980543 0.256830251795
0.364630197148 0.342800339816
0.830049847613 0.257233266306
0.472553969033 0.357194810317
0.146262334536 0.933938134375
0.616394664837 0.187150309815
0.711062415305 0.4760992007
0.459110044599 0.352702385139
0.142706400575 0.208014812234
0.533394307326 0.723062497238
0.000202899255793 0.775493743945
0.706724194359 0.418652774272
0.52399328659 0.281981043011
0.0126326491045 0.628055833434
0.765380087295 0.339705810015
0.50819099446 0.673989180036
0.90691044713 0.999361912208
0.809723426648 0.453190562569
0.993460562588 0.233282373467
0.640404071918 0.005419203756
0.680831807228 0.0513924701716
0.861393387876 0.18102181068
0.909898867141 0.858175515552
0.83038989045 0.861771109855
0.0645798119983 0.794568093737
0.742287207072 0.9424231302
0.914679071301 0.919339566639
0.980522359307 0.479615967457
0.249793943471 0.218550650125
0.373743505037 0.0380676002916
0.793435530115 0.172749451981
0.0576306244806 0.358338334457
0.839225284596 0.385144811928
0.416112586676 0.733490661595
0.291163250469 0.550593295386
0.782993901301 0.78695756377
0.160313791352 0.119008874942
0.252389534067 0.341651886102
0.77872643191 0.779174223973
0.943374671779 0.578992482195
0.0693893576792 0.0856645188016
0.100531368512 0.532375683126
0.937692569203 0.916479637347
0.399241958295 0.221398418203
0.924968332062 0.237677846083
0.019519644341 0.987514806448
0.639297791629 0.458192261319
0.210371001509 0.441919787739
0.706764476767 0.886540079455
0.56730398948 0.655139090951
0.00457591724013 0.0405716668085
0.12809635822 0.575577882843
0.411431981566 0.772001338011
0.159008178618 0.788409756408
0.0941458325429 0.981653396931
0.353901899515 0.315653362676
0.4836019206 0.533523265508
0.261092947164 0.577854057326
0.526923745387 0.620653073969
0.710943792171 0.426667548407
0.633177720074 0.684036077605
0.458853668176 0.0214769815887
0.857883661172 0.304296337341
0.599849262236 0.696247401347
0.454927316753 0.125574042781
0.225017183965 0.857808664225
0.894526223645 0.482908096493
0.868455026486 0.217056129192
0.174931682897 0.475719474146
0.699774137337 0.952827416032
0.614319499872 0.278904129058
0.096911295145 0.573933801536
0.459025555758 0.269286076716
0.511673477145 0.68957194166
0.710858703969 0.0575254921124
0.449872169497 0.918793189982
0.335206312217 0.235260926697
0.469291128779 0.829586988383
0.268196442534 0.716762002763
0.187279983674 0.302377677905
0.915228116501 0.752956622155
0.278228634236 0.215969728943
0.380641951567 0.911376769036
0.487836273822 0.249724217187
0.101767820235 0.0914053667963
0.00132948345146 0.00803645151163
0.245062390788 0.409864184555
0.227066913942 0.426956231632
0.652996184949 0.0786301254479
0.245073165615 0.986427638571
0.811052135165 0.0803480234946
0.746878815741 0.247015672231
0.683226805083 0.0639252137565
0.697430891586 0.603024848614
0.93700677673 0.056316626542
0.681838393671 0.883884796221
0.293781213457 0.216460111128
0.986193183456 0.65174771838
0.506604934355 0.227816758359
0.552785668507 0.580248834371
0.552654485396 0.685134188438
0.979018191202 0.85078869846
0.475003001118 0.39690627256
0.763577274228 0.141112762682
0.373182648825 0.267114825667
0.854663117668 0.317826852126
0.029110631616 0.28329762469
0.561797617831 0.001667791341
0.486145746658 0.685973624565
0.00142490915523 0.0570236644311
0.477338659054 0.603341674637
0.585230835075 0.481456652187
0.000890496089122 0.945054600978
0.667990156711 0.686955781741
0.293287086063 0.484826871724
0.669366369464 0.36904089227
0.413564630806 0.173449843733
0.751025049091 0.10304822435
0.766686632535 0.365646566714
0.260199784762 0.395404878339
0.192185368763 0.497124469157
0.848113076523 0.751912506297
0.00604867752978 0.307447735969
0.964896348347 0.00529096354091
0.452163640847 0.460824558798
0.0355631749463 0.763203655206
0.083439053578 0.140499258023
